80	40	5.41793968985837	54	67	351	439	91	240	74	119	152	233	138	197	42	169	12	375	133	423	358	371	220	371	109	419	193	374	35	245	9	198	353	410	62	335	123	183	280	325	225	326	25	117	173	209	62	335	123	183	280	325	225	326	25	117	54	67	133	423	197	358	358	371	189	279	6	50	293	396	62	335	280	325	225	326	25	117	437	446	10	151	
12	6	4.46899023685953	280	325	225	326	54	220	169	323	16	279	116	120	
26	13	5.33538681196635	280	325	225	326	54	220	169	323	16	279	116	120	126	387	123	183	90	325	112	333	249	377	54	85	53	445	
12	6	4.8472160771565	162	420	125	155	48	171	160	245	42	380	106	405	
46	23	5.62367982993403	46	77	172	441	123	183	197	358	183	216	170	435	109	254	46	77	172	441	123	183	197	358	370	430	170	435	54	67	133	423	197	358	358	371	189	279	293	396	192	246	114	298	199	232	98	406	
14	7	4.99407303506151	126	387	90	325	112	333	249	377	54	85	53	445	125	213	
28	14	5.71594452468403	65	259	280	325	225	326	74	188	128	338	46	77	172	441	370	430	170	435	278	372	6	364	129	269	160	340	170	235	
24	12	5.08555367065185	62	335	123	183	280	325	225	326	25	117	54	67	189	279	6	50	293	396	287	299	259	308	25	158	
54	27	5.65193227818597	46	77	172	441	123	183	197	358	183	216	170	435	109	254	46	77	172	441	197	358	183	216	370	430	54	67	133	423	197	358	358	371	189	279	6	50	293	396	192	246	114	298	380	412	90	325	162	420	124	439	441	444	70	364	
44	22	5.62719635582017	380	412	162	420	124	439	48	171	241	320	52	147	29	436	54	67	133	423	358	371	220	371	109	419	193	374	35	245	9	198	353	410	62	335	123	183	280	325	225	326	25	117	4	359	
8	4	4.42367202566388	90	325	162	420	251	255	65	242	
64	32	5.53667178121973	133	423	358	371	220	371	109	419	193	374	35	245	9	198	353	410	62	335	123	183	280	325	225	326	25	117	173	209	62	335	123	183	280	325	225	326	25	117	54	67	133	423	197	358	358	371	189	279	6	50	293	396	62	335	280	325	225	326	25	117	437	446	173	275	
50	25	5.66055317224628	162	420	124	439	48	171	241	320	52	147	29	436	123	183	10	357	241	320	380	412	90	325	112	333	54	67	133	423	102	426	351	439	91	240	160	166	130	334	265	284	170	258	199	353	65	163	33	411	219	305	
30	15	5.5105631097938	54	67	133	423	358	371	220	371	109	419	193	374	35	245	9	198	353	410	62	335	123	183	280	325	225	326	25	117	4	359	
94	47	5.70961241480786	243	397	46	77	172	441	123	183	197	358	183	216	170	435	109	254	46	77	172	441	197	358	183	216	370	430	170	435	54	67	133	423	197	358	358	371	189	279	293	396	192	246	114	298	380	412	90	325	162	420	124	439	441	444	380	412	162	420	124	439	125	155	241	320	248	423	62	335	123	183	280	325	225	326	25	117	54	67	133	423	197	358	358	371	189	279	6	50	293	396	197	407	89	305	
62	31	5.60222914641574	46	77	172	441	123	183	197	358	183	216	170	435	109	254	46	77	172	441	123	183	197	358	370	430	170	435	54	67	133	423	197	358	358	371	189	279	6	50	293	396	192	246	114	298	199	232	54	67	351	439	91	240	74	119	138	197	42	169	12	375	33	70	
14	7	4.83003985324477	162	420	124	439	48	171	241	320	52	147	29	436	102	245	
16	8	5.02425414592745	54	67	351	439	74	119	138	197	42	169	12	375	33	70	234	425	
10	5	4.75193255964222	124	439	125	155	48	171	160	245	294	392	
2	1	2.87182043522764	223	280	
38	19	5.75336640432254	65	259	280	325	225	326	74	188	128	338	46	77	172	441	370	430	170	435	278	372	6	364	129	269	160	340	170	235	124	439	125	155	48	171	160	245	294	392	
108	54	5.60810909643388	46	77	172	441	123	183	197	358	183	216	170	435	109	254	46	77	172	441	123	183	197	358	370	430	170	435	54	67	133	423	197	358	358	371	189	279	6	50	293	396	192	246	114	298	199	232	54	67	351	439	91	240	74	119	138	197	42	169	12	375	33	70	46	77	172	441	123	183	197	358	183	216	170	435	109	254	46	77	172	441	123	183	197	358	370	430	170	435	54	67	133	423	197	358	358	371	189	279	293	396	192	246	114	298	199	232	98	406	
80	40	5.78534041218173	54	67	133	423	358	371	220	371	109	419	193	374	35	245	9	198	353	410	62	335	123	183	280	325	225	326	25	117	4	359	162	420	124	439	48	171	241	320	52	147	29	436	123	183	10	357	241	320	380	412	90	325	112	333	54	67	133	423	102	426	351	439	91	240	160	166	130	334	265	284	170	258	199	353	65	163	33	411	219	305	
28	14	5.34157453994006	162	420	124	439	48	171	241	320	52	147	29	436	102	245	126	387	90	325	112	333	249	377	54	85	53	445	125	213	
