6	3	4.28087159631542	76	176	2	177	74	164	
10	5	4.59723300861739	89	372	74	140	14	343	277	431	74	110	
24	12	5.26404667384308	54	67	133	423	197	358	166	345	358	371	109	419	62	335	67	399	126	387	123	183	10	357	19	154	
16	8	4.90231198028521	54	67	102	426	351	439	91	240	160	166	74	119	152	233	56	81	
8	4	4.80452658439681	54	67	241	320	380	412	370	431	
4	2	4.21163388427559	241	320	380	412	
2	1	3.71087058479882	236	377	
14	7	4.85725345250409	54	67	133	423	197	358	358	371	189	279	6	50	293	396	
2	1	2.86582515089444	196	423	
2	1	3.50940947762472	21	324	
22	11	5.18910378732942	76	176	2	177	54	67	133	423	102	426	351	439	91	240	160	166	74	119	130	334	265	284	
6	3	4.70159731873588	126	387	123	183	10	357	
20	10	5.01744460682788	54	67	133	423	197	358	166	345	358	371	220	371	109	419	67	399	28	125	193	374	
18	9	5.00422676788614	54	67	133	423	197	358	358	371	220	371	109	419	67	399	28	125	214	375	
2	1	2.90058761164086	138	445	
46	23	5.43774287763471	46	77	172	441	123	183	197	358	183	216	370	430	170	435	109	254	46	77	172	441	123	183	197	358	183	216	370	430	170	435	54	67	133	423	197	358	358	371	189	279	6	50	293	396	192	246	
10	5	5.00824802091274	62	335	123	183	280	325	225	326	74	188	
16	8	4.86936654713635	46	77	172	441	197	358	183	216	370	430	170	435	109	254	319	383	
18	9	5.2843346901732	91	367	62	335	123	183	280	325	32	260	36	105	76	138	252	431	353	433	
30	15	5.44115152695649	46	77	172	441	62	335	123	183	197	358	183	216	370	430	170	435	54	67	133	423	197	358	358	371	189	279	6	50	293	396	
20	10	5.13102192545967	54	67	133	423	197	358	358	371	220	371	109	419	67	399	28	125	214	375	196	423	
16	8	5.05447120424015	21	324	54	67	133	423	197	358	358	371	189	279	6	50	293	396	
52	26	5.4429954867819	46	77	172	441	123	183	197	358	183	216	370	430	170	435	109	254	46	77	172	441	123	183	197	358	183	216	370	430	170	435	54	67	133	423	197	358	358	371	189	279	6	50	293	396	192	246	126	387	123	183	10	357	
28	14	5.45834727916575	91	367	62	335	123	183	280	325	32	260	36	105	76	138	252	431	353	433	89	372	74	140	14	343	277	431	74	110	
