28	14	5.69933754904793	65	259	280	325	225	326	74	188	128	338	46	77	172	441	370	430	170	435	278	372	6	364	160	340	170	235	380	443	
80	40	5.4460829766055	54	67	351	439	91	240	74	119	152	233	138	197	42	169	12	375	133	423	358	371	220	371	109	419	193	374	35	245	9	198	353	410	62	335	123	183	280	325	225	326	25	117	173	209	62	335	123	183	280	325	225	326	25	117	54	67	133	423	197	358	358	371	189	279	6	50	293	396	62	335	280	325	225	326	25	117	437	446	10	151	
46	23	5.65202216163079	46	77	172	441	123	183	197	358	183	216	170	435	109	254	46	77	172	441	123	183	197	358	370	430	170	435	54	67	133	423	197	358	358	371	189	279	293	396	192	246	114	298	199	232	98	406	
26	13	5.1346817445393	280	325	225	326	54	220	169	323	16	279	116	120	126	387	90	325	112	333	249	377	54	85	53	445	23	128	
62	31	5.62392398711474	46	77	172	441	123	183	197	358	183	216	170	435	109	254	46	77	172	441	123	183	197	358	370	430	170	435	54	67	133	423	197	358	358	371	189	279	6	50	293	396	192	246	114	298	199	232	54	67	351	439	91	240	74	119	138	197	42	169	12	375	33	70	
38	19	5.29224651034694	162	420	124	439	48	171	241	320	52	147	29	436	102	245	126	387	90	325	112	333	249	377	54	85	53	445	125	213	125	155	48	171	160	245	294	392	99	189	
38	19	5.3425767045123	90	325	112	333	249	377	54	85	53	445	125	213	62	335	123	183	280	325	225	326	25	117	54	67	189	279	6	50	293	396	287	299	25	158	13	233	81	216	
14	7	4.88077109855154	90	325	112	333	249	377	54	85	125	213	29	343	254	393	
16	8	4.97079471290912	54	67	351	439	74	119	138	197	42	169	12	375	33	70	234	425	
108	54	5.64452654387661	46	77	172	441	123	183	197	358	183	216	170	435	109	254	46	77	172	441	123	183	197	358	370	430	170	435	54	67	133	423	197	358	358	371	189	279	6	50	293	396	192	246	114	298	199	232	54	67	351	439	91	240	74	119	138	197	42	169	12	375	33	70	46	77	172	441	123	183	197	358	183	216	170	435	109	254	46	77	123	183	197	358	370	430	170	435	54	67	133	423	197	358	358	371	189	279	293	396	192	246	114	298	199	232	98	406	157	235	
24	12	4.96849492126926	123	183	280	325	225	326	25	117	54	67	189	279	6	50	293	396	287	299	25	158	13	233	22	321	
46	23	5.70587240673635	54	67	133	423	358	371	220	371	193	374	35	245	9	198	62	335	123	183	280	325	225	326	25	117	4	359	383	397	54	67	351	439	74	119	138	197	42	169	12	375	33	70	234	425	71	377	
28	14	5.38786900252862	162	420	124	439	48	171	241	320	52	147	29	436	126	387	90	325	112	333	249	377	54	85	53	445	125	213	118	390	
10	5	4.80806041787117	124	439	125	155	160	245	294	392	388	399	
8	4	4.38026982017231	162	420	251	255	65	242	411	421	
30	15	5.52153414440463	54	67	133	423	358	371	220	371	109	419	193	374	35	245	9	198	62	335	123	183	280	325	225	326	25	117	4	359	383	397	
80	40	5.78875607544833	54	67	133	423	358	371	220	371	109	419	193	374	35	245	9	198	353	410	62	335	123	183	280	325	225	326	25	117	4	359	162	420	124	439	48	171	241	320	52	147	29	436	123	183	10	357	241	320	380	412	90	325	112	333	54	67	133	423	102	426	351	439	91	240	160	166	130	334	265	284	170	258	199	353	65	163	33	411	219	305	
30	15	5.67091338601566	65	259	280	325	225	326	74	188	128	338	46	77	172	441	370	430	170	435	278	372	6	364	160	340	170	235	380	443	223	280	
14	7	5.13133762978368	124	439	241	320	52	147	29	436	102	245	1	213	297	353	
12	6	4.47302478627152	280	325	225	326	54	220	169	323	16	279	116	120	
34	17	5.2187635042269	124	439	125	155	160	245	294	392	388	399	123	183	280	325	225	326	25	117	54	67	189	279	6	50	293	396	287	299	25	158	13	233	22	321	
54	27	5.52313987237954	162	420	124	439	48	171	241	320	52	147	29	436	126	387	90	325	112	333	249	377	54	85	53	445	125	213	118	390	280	325	225	326	54	220	169	323	16	279	116	120	126	387	90	325	112	333	249	377	54	85	53	445	23	128	
44	22	5.66874238776948	90	325	112	333	249	377	54	85	125	213	29	343	254	393	54	67	133	423	358	371	220	371	109	419	193	374	35	245	9	198	62	335	123	183	280	325	225	326	25	117	4	359	383	397	
58	29	5.75380983440671	280	325	225	326	54	220	169	323	16	279	116	120	54	67	133	423	358	371	220	371	193	374	35	245	9	198	62	335	123	183	280	325	225	326	25	117	4	359	383	397	54	67	351	439	74	119	138	197	42	169	12	375	33	70	234	425	71	377	
