20	10	5.14986034650277	54	67	133	423	197	358	166	345	358	371	220	371	109	419	193	374	35	245	9	198	
12	6	4.89767244439259	65	259	123	183	280	325	225	326	74	188	132	197	
14	7	4.85044021354888	54	67	133	423	197	358	358	371	189	279	6	50	293	396	
10	5	4.71313719591759	89	372	74	140	14	343	74	110	36	148	
2	1	3.52031980791314	21	324	
24	12	5.22063345754164	54	67	133	423	166	345	358	371	109	419	62	335	67	399	126	387	123	183	10	357	19	154	279	430	
6	3	4.66865375912343	126	387	123	183	10	357	
28	14	5.33745877297	91	367	62	335	280	325	32	260	36	105	76	138	252	431	353	433	89	372	74	140	14	343	277	431	74	110	25	399	
16	8	5.43023831945136	46	77	172	441	197	358	370	430	170	435	319	383	51	233	278	372	
8	4	4.87181576795408	241	320	380	412	90	325	112	333	
22	11	5.28575720172917	2	177	54	67	133	423	102	426	351	439	91	240	160	166	130	334	265	284	170	258	199	353	
16	8	4.94852148757125	54	67	102	426	351	439	91	240	160	166	74	119	152	233	56	81	
2	1	3.63392535811689	210	327	
24	12	5.22101637460802	54	67	102	426	351	439	91	240	160	166	74	119	152	233	56	81	241	320	380	412	90	325	175	274	
10	5	4.98220191609764	62	335	123	183	280	325	225	326	25	117	
24	12	5.1412655376111	89	372	74	140	14	343	74	110	36	148	54	67	133	423	197	358	358	371	189	279	6	50	293	396	
30	15	5.42842462748604	46	77	172	441	62	335	123	183	197	358	183	216	370	430	170	435	54	67	133	423	197	358	358	371	189	279	6	50	293	396	
32	16	5.51469368598575	172	441	197	358	183	216	370	430	170	435	319	383	51	233	21	324	54	67	197	358	358	371	189	279	6	50	293	396	375	384	190	253	
4	2	4.63631016873731	241	320	64	316	
46	23	5.3244039207343	46	77	172	441	123	183	197	358	183	216	370	430	170	435	109	254	46	77	172	441	123	183	197	358	183	216	370	430	170	435	54	67	133	423	197	358	358	371	189	279	6	50	293	396	192	246	
14	7	4.98064025533319	126	387	123	183	10	357	241	320	380	412	90	325	112	333	
24	12	5.09961778263882	62	335	123	183	280	325	225	326	25	117	54	67	133	423	197	358	358	371	189	279	6	50	293	396	
36	18	5.47937468230755	65	259	123	183	280	325	225	326	74	188	132	197	54	67	102	426	351	439	91	240	160	166	74	119	152	233	56	81	241	320	380	412	90	325	175	274	
36	18	5.6426142797775	54	67	133	423	197	358	166	345	358	371	220	371	109	419	193	374	35	245	9	198	46	77	172	441	197	358	370	430	170	435	319	383	51	233	278	372	
