34	17	5.19952832862663	160	245	294	392	123	183	280	325	54	67	6	50	293	396	287	299	25	158	13	233	22	321	210	369	29	204	230	421	256	275	205	424	237	313	
90	45	5.78543007790474	54	67	133	423	358	371	220	371	193	374	35	245	9	198	225	326	25	117	4	359	383	397	54	67	74	119	138	197	42	169	12	375	33	70	234	425	71	377	185	202	91	414	112	333	249	377	54	85	125	213	29	343	254	393	54	67	133	423	358	371	109	419	193	374	35	245	9	198	62	335	123	183	280	325	225	326	4	359	383	397	157	253	55	83	24	332	391	433	217	423	
24	12	5.22537514409136	123	183	225	326	25	117	189	279	287	299	13	233	22	321	148	401	1	325	213	272	209	398	24	196	
38	19	5.55118273147776	162	420	124	439	48	171	241	320	52	147	29	436	112	333	54	85	53	445	125	213	125	155	294	392	99	189	230	274	92	128	91	151	97	338	356	425	117	146	
82	41	5.83697099919874	112	333	249	377	54	85	125	213	54	67	133	423	358	371	220	371	109	419	193	374	35	245	9	198	62	335	123	183	280	325	225	326	25	117	4	359	383	397	208	234	9	164	157	291	162	420	124	439	48	171	241	320	52	147	29	436	112	333	54	85	53	445	125	213	125	155	294	392	99	189	230	274	92	128	91	151	97	338	356	425	200	444	
74	37	5.76771337876369	280	325	225	326	54	220	169	323	116	120	126	387	90	325	112	333	249	377	54	85	53	445	23	128	124	439	125	155	160	245	294	392	388	399	275	386	90	325	53	445	125	213	62	335	123	183	280	325	225	326	25	117	54	67	189	279	6	50	293	396	287	299	25	158	13	233	48	391	163	235	141	284	146	363	
62	31	5.75164282072634	54	67	133	423	358	371	220	371	193	374	35	245	9	198	123	183	25	117	4	359	383	397	54	67	351	439	138	197	42	169	12	375	33	70	234	425	71	377	185	202	91	414	54	67	351	439	138	197	42	169	33	70	234	425	59	315	110	331	370	389	212	349	
106	53	5.78003783379373	351	439	138	197	42	169	234	425	110	331	19	309	36	43	240	347	54	67	133	423	358	371	220	371	193	374	35	245	9	198	225	326	25	117	4	359	383	397	54	67	74	119	138	197	42	169	12	375	33	70	234	425	71	377	185	202	91	414	112	333	249	377	54	85	125	213	29	343	254	393	54	67	133	423	358	371	109	419	193	374	35	245	9	198	62	335	123	183	280	325	225	326	25	117	383	397	157	253	55	83	24	332	391	433	167	289	
38	19	5.64685055016781	90	325	53	445	62	335	123	183	280	325	225	326	25	117	54	67	189	279	6	50	293	396	287	299	25	158	13	233	48	391	163	235	141	284	146	363	109	379	
44	22	5.78392085625516	112	333	249	377	54	85	125	213	54	67	133	423	358	371	220	371	109	419	35	245	9	198	62	335	123	183	280	325	225	326	25	117	4	359	383	397	208	234	9	164	157	291	238	441	
62	31	5.73175373833981	90	325	53	445	62	335	123	183	280	325	225	326	25	117	189	279	6	50	293	396	287	299	25	158	13	233	48	391	163	235	141	284	146	363	109	379	123	183	225	326	25	117	189	279	6	50	293	396	287	299	13	233	22	321	148	401	213	272	137	233	44	183	
36	18	5.41149876151779	280	325	225	326	54	220	169	323	116	120	126	387	90	325	112	333	249	377	54	85	53	445	23	128	124	439	125	155	160	245	294	392	275	386	147	254	
98	49	5.81328211718045	54	67	351	439	138	197	42	169	33	70	234	425	59	315	110	331	123	183	280	325	225	326	25	117	54	67	189	279	6	50	293	396	287	299	25	158	13	233	22	321	280	325	225	326	54	220	16	279	116	120	54	67	133	423	358	371	220	371	193	374	35	245	9	198	123	183	280	325	225	326	25	117	4	359	383	397	54	67	74	119	42	169	12	375	33	70	234	425	71	377	62	345	225	446	421	429	56	226	
68	34	5.71560370461193	54	67	358	371	220	371	109	419	35	245	62	335	280	325	225	326	25	117	4	359	383	397	101	253	42	125	162	420	124	439	48	171	241	320	29	436	102	245	126	387	90	325	53	445	125	213	125	155	48	171	160	245	294	392	99	189	230	274	223	388	10	413	357	382	125	301	201	429	
30	15	5.53521184468191	54	67	133	423	358	371	220	371	35	245	225	326	25	117	4	359	383	397	101	253	42	125	3	139	129	444	370	414	50	257	
98	49	5.70894744993574	54	67	133	423	358	371	220	371	109	419	193	374	35	245	62	335	280	325	225	326	25	117	4	359	383	397	101	253	42	125	162	420	124	439	241	320	52	147	29	436	102	245	126	387	90	325	54	85	53	445	125	213	125	155	48	171	160	245	294	392	99	189	230	274	223	388	54	67	133	423	358	371	220	371	109	419	193	374	35	245	62	335	225	326	25	117	4	359	383	397	101	253	42	125	3	139	299	363	
16	8	5.48907981464874	351	439	138	197	42	169	234	425	110	331	19	309	36	43	240	347	
10	5	4.81706257032759	160	245	9	438	41	247	93	212	3	376	
164	82	5.80950047575948	112	333	249	377	54	85	125	213	54	67	133	423	358	371	220	371	109	419	193	374	35	245	9	198	62	335	123	183	280	325	225	326	25	117	4	359	383	397	208	234	157	291	90	325	112	333	249	377	54	85	125	213	29	343	254	393	249	377	54	85	125	213	29	343	54	67	133	423	358	371	220	371	109	419	193	374	35	245	123	183	280	325	225	326	25	117	4	359	383	397	267	303	159	243	327	440	288	310	135	427	23	259	54	67	133	423	358	371	220	371	193	374	35	245	9	198	123	183	225	326	25	117	4	359	383	397	54	67	351	439	138	197	42	169	12	375	33	70	234	425	71	377	185	202	54	67	351	439	138	197	42	169	33	70	234	425	59	315	110	331	370	389	4	68	
82	41	5.79266452615955	123	183	280	325	225	326	25	117	54	67	189	279	6	50	293	396	287	299	25	158	13	233	22	321	280	325	225	326	54	220	169	323	16	279	116	120	54	67	133	423	358	371	220	371	193	374	35	245	9	198	123	183	280	325	225	326	25	117	4	359	383	397	54	67	351	439	74	119	42	169	12	375	33	70	234	425	71	377	62	345	225	446	
106	53	5.82805057367233	90	325	53	445	62	335	123	183	280	325	225	326	25	117	54	67	189	279	6	50	293	396	287	299	25	158	13	233	48	391	163	235	141	284	146	363	109	379	54	67	358	371	220	371	109	419	35	245	62	335	280	325	225	326	25	117	4	359	383	397	101	253	42	125	162	420	124	439	48	171	241	320	29	436	102	245	126	387	90	325	53	445	125	213	125	155	48	171	160	245	294	392	99	189	230	274	223	388	10	413	357	382	125	301	201	429	
270	135	5.83505902395829	112	333	249	377	54	85	125	213	54	67	133	423	358	371	220	371	109	419	193	374	35	245	9	198	62	335	123	183	280	325	225	326	25	117	4	359	383	397	208	234	157	291	90	325	112	333	249	377	54	85	125	213	29	343	254	393	249	377	54	85	125	213	29	343	54	67	133	423	358	371	220	371	109	419	193	374	35	245	123	183	280	325	225	326	25	117	4	359	383	397	267	303	159	243	327	440	288	310	135	427	23	259	54	67	133	423	358	371	220	371	193	374	35	245	9	198	123	183	225	326	25	117	4	359	383	397	54	67	351	439	138	197	42	169	12	375	33	70	234	425	71	377	185	202	54	67	351	439	138	197	42	169	33	70	234	425	59	315	110	331	370	389	4	68	351	439	138	197	42	169	234	425	110	331	19	309	36	43	240	347	54	67	133	423	358	371	220	371	193	374	35	245	9	198	225	326	25	117	4	359	383	397	54	67	74	119	138	197	42	169	12	375	33	70	234	425	71	377	185	202	91	414	112	333	249	377	54	85	125	213	29	343	254	393	54	67	133	423	358	371	109	419	193	374	35	245	9	198	62	335	123	183	280	325	225	326	25	117	383	397	157	253	55	83	24	332	391	433	167	289	
40	20	5.55980561398839	160	245	9	438	41	247	93	212	3	376	54	67	133	423	358	371	220	371	35	245	225	326	25	117	4	359	383	397	101	253	42	125	3	139	129	444	370	414	50	257	
72	36	5.72786725305977	160	245	294	392	123	183	280	325	54	67	6	50	293	396	287	299	25	158	13	233	22	321	210	369	29	204	230	421	256	275	205	424	237	313	162	420	124	439	48	171	241	320	52	147	29	436	112	333	54	85	53	445	125	213	125	155	294	392	99	189	230	274	92	128	91	151	97	338	356	425	117	146	
