2	1	2.63177326824463	303	425	
6	3	4.03524620340693	74	140	14	343	277	431	
2	1	4.41742211082278	89	372	
6	3	4.75575616782484	12	325	76	176	2	177	
10	5	4.82165403679581	103	172	103	172	129	362	12	325	52	152	
8	4	5.14591107397576	81	99	220	371	109	419	62	335	
8	4	4.74239885090152	313	390	81	99	220	371	29	347	
16	8	5.08343600730314	54	67	133	423	102	426	197	358	166	345	351	439	91	240	278	310	
2	1	3.92635564111841	172	441	
6	3	4.43959002818434	351	439	91	240	278	310	
4	2	3.58555985067216	54	67	121	354	
2	1	3.22747456394192	126	387	
10	5	4.64732189551088	54	67	133	423	197	358	166	345	358	371	
6	3	4.5209558718677	102	426	197	358	166	345	
2	1	3.72869686045044	46	405	
8	4	4.88780769488806	201	427	58	325	186	223	156	311	
2	1	2.64400086696013	75	217	
2	1	2.64871220651363	57	139	
2	1	2.25460339476476	49	174	
4	2	4.96941278749806	62	335	123	183	
8	4	4.56672291109606	89	372	74	140	14	343	277	431	
10	5	5.09823183081293	62	335	123	183	102	426	197	358	166	345	
18	9	5.10964815346772	54	67	133	423	197	358	166	345	358	371	81	99	220	371	109	419	62	335	
6	3	4.31665411394937	126	387	54	67	121	354	
