2	1	2.71396976638056	244	308	
2	1	3.1193516771324	190	385	
2	1	3.97794574596603	228	421	
2	1	3.66023620622148	186	288	
2	1	3.12902041810151	162	272	
2	1	3.63823789127909	58	283	
2	1	2.47699500506346	160	223	
2	1	2.64338789031417	247	310	
2	1	1.89848934328339	103	172	
2	1	3.43439464511559	313	390	
2	1	2.8326398380238	192	395	
2	1	3.83361523298049	194	330	
2	1	2.72709877603188	265	417	
2	1	3.3340436768159	281	426	
2	1	3.87518012970267	102	426	
2	1	4.72614460685464	166	233	
2	1	3.6327513797053	24	441	
2	1	1.95802242726574	351	439	
2	1	2.31808872698707	296	299	
2	1	2.64958371467028	196	258	
4	2	4.53829742003811	190	385	102	426	
4	2	3.63180965888567	196	258	192	395	
4	2	4.21204712226293	313	390	186	288	
4	2	3.50219693271794	265	417	296	299	
