16	8	5.60440836811698	54	67	351	439	138	197	42	169	33	70	234	425	59	315	110	331	
34	17	5.28561186721491	160	245	294	392	123	183	280	325	225	326	54	67	6	50	293	396	287	299	25	158	13	233	22	321	210	369	29	204	230	421	256	275	205	424	
44	22	5.78786231630316	90	325	112	333	249	377	54	85	125	213	254	393	54	67	133	423	358	371	220	371	109	419	193	374	35	245	9	198	62	335	123	183	280	325	225	326	25	117	4	359	383	397	208	234	
10	5	4.77282341510915	125	155	160	245	294	392	193	230	9	438	
30	15	5.51317436814887	54	67	133	423	358	371	220	371	109	419	193	374	35	245	62	335	225	326	25	117	4	359	383	397	101	253	42	125	3	139	
90	45	5.78198219238858	54	67	133	423	358	371	220	371	193	374	35	245	9	198	123	183	225	326	25	117	4	359	383	397	54	67	351	439	74	119	138	197	42	169	12	375	33	70	234	425	71	377	185	202	91	414	90	325	112	333	249	377	54	85	125	213	29	343	254	393	54	67	133	423	358	371	109	419	193	374	35	245	9	198	62	335	123	183	280	325	225	326	25	117	4	359	383	397	157	253	
38	19	5.56623439367102	90	325	54	85	53	445	125	213	62	335	123	183	280	325	225	326	25	117	54	67	189	279	6	50	293	396	287	299	25	158	13	233	48	391	163	235	141	284	
58	29	5.59004938394564	90	325	112	333	249	377	54	85	125	213	29	343	254	393	249	377	54	85	125	213	29	343	254	393	54	67	133	423	358	371	220	371	109	419	193	374	35	245	123	183	280	325	225	326	25	117	4	359	383	397	267	303	159	243	327	440	288	310	
68	34	5.76909229301384	54	67	133	423	358	371	220	371	109	419	193	374	35	245	62	335	280	325	225	326	25	117	4	359	383	397	101	253	42	125	162	420	124	439	48	171	241	320	52	147	29	436	102	245	126	387	90	325	54	85	53	445	125	213	125	155	48	171	160	245	294	392	99	189	230	274	223	388	
82	41	5.797989265736	123	183	280	325	225	326	25	117	54	67	189	279	6	50	293	396	287	299	25	158	13	233	22	321	280	325	225	326	54	220	169	323	16	279	116	120	54	67	133	423	358	371	220	371	193	374	35	245	9	198	123	183	280	325	225	326	25	117	4	359	383	397	54	67	351	439	74	119	42	169	12	375	33	70	234	425	71	377	62	345	225	446	
46	23	5.70036412121898	54	67	133	423	358	371	220	371	193	374	35	245	9	198	123	183	25	117	4	359	383	397	54	67	351	439	74	119	138	197	42	169	12	375	33	70	234	425	71	377	185	202	91	414	254	378	
98	49	5.81223742761515	280	325	225	326	54	220	169	323	116	120	126	387	90	325	112	333	249	377	54	85	53	445	23	128	124	439	125	155	294	392	388	399	275	386	54	67	133	423	358	371	220	371	193	374	35	245	9	198	123	183	225	326	25	117	4	359	383	397	54	67	351	439	138	197	42	169	12	375	33	70	234	425	71	377	185	202	91	414	54	67	351	439	138	197	42	169	33	70	234	425	59	315	110	331	370	389	154	270	
62	31	5.76435635461035	54	67	133	423	358	371	220	371	193	374	35	245	9	198	123	183	225	326	25	117	4	359	383	397	54	67	351	439	138	197	42	169	12	375	33	70	234	425	71	377	185	202	91	414	54	67	351	439	138	197	42	169	33	70	234	425	59	315	110	331	370	389	
136	68	5.78868533730378	54	67	133	423	358	371	220	371	193	374	35	245	9	198	123	183	225	326	25	117	4	359	383	397	54	67	351	439	74	119	138	197	42	169	12	375	33	70	234	425	71	377	185	202	91	414	90	325	112	333	249	377	54	85	125	213	29	343	254	393	54	67	133	423	358	371	109	419	193	374	35	245	9	198	62	335	123	183	225	326	25	117	4	359	383	397	157	253	54	67	133	423	358	371	220	371	193	374	35	245	9	198	123	183	225	326	25	117	4	359	383	397	54	67	351	439	74	119	138	197	42	169	12	375	33	70	234	425	71	377	185	202	91	414	53	128	
54	27	5.49692176976336	124	439	48	171	52	147	29	436	126	387	90	325	112	333	249	377	54	85	53	445	125	213	118	390	280	325	225	326	54	220	169	323	16	279	116	120	126	387	112	333	249	377	54	85	53	445	23	128	187	384	106	369	76	326	
64	32	5.6848660517088	280	325	225	326	54	220	16	279	116	120	90	325	112	333	249	377	54	85	53	445	23	128	204	306	262	274	162	420	124	439	48	171	241	320	29	436	126	387	90	325	112	333	54	85	53	445	125	213	125	155	48	171	294	392	99	189	230	274	92	128	91	151	328	387	
38	19	5.56390752144854	162	420	124	439	48	171	241	320	52	147	29	436	126	387	90	325	112	333	54	85	53	445	125	213	125	155	48	171	294	392	99	189	230	274	92	128	91	151	
24	12	5.05365017021447	123	183	225	326	25	117	189	279	6	50	293	396	287	299	25	158	13	233	22	321	148	401	1	325	
36	18	5.37235817779126	280	325	225	326	54	220	169	323	116	120	126	387	90	325	112	333	249	377	54	85	53	445	23	128	124	439	125	155	160	245	294	392	388	399	275	386	
74	37	5.61003307497779	112	333	249	377	54	85	125	213	29	343	254	393	188	209	124	439	125	155	294	392	123	183	280	325	225	326	54	67	189	279	6	50	293	396	287	299	25	158	13	233	22	321	29	204	369	406	280	325	225	326	54	220	169	323	16	279	116	120	90	325	112	333	249	377	54	85	53	445	23	128	204	306	54	79	
98	49	5.71109846929857	54	67	133	423	358	371	220	371	109	419	193	374	35	245	62	335	280	325	225	326	25	117	4	359	383	397	101	253	42	125	162	420	124	439	48	171	241	320	52	147	29	436	102	245	126	387	90	325	54	85	53	445	125	213	125	155	48	171	160	245	294	392	99	189	230	274	223	388	54	67	133	423	358	371	220	371	109	419	193	374	35	245	62	335	225	326	25	117	4	359	383	397	101	253	42	125	3	139	
132	66	5.68794310242005	90	325	112	333	249	377	54	85	125	213	29	343	254	393	249	377	54	85	125	213	29	343	254	393	54	67	133	423	358	371	220	371	109	419	193	374	35	245	123	183	280	325	225	326	25	117	4	359	383	397	267	303	159	243	327	440	288	310	112	333	249	377	54	85	125	213	29	343	254	393	188	209	124	439	125	155	294	392	123	183	280	325	225	326	54	67	189	279	6	50	293	396	287	299	25	158	13	233	22	321	29	204	369	406	280	325	225	326	54	220	169	323	16	279	116	120	90	325	112	333	249	377	54	85	53	445	23	128	204	306	54	79	
98	49	5.80859096779024	54	67	351	439	138	197	42	169	33	70	234	425	59	315	110	331	123	183	280	325	225	326	25	117	54	67	189	279	6	50	293	396	287	299	25	158	13	233	22	321	280	325	225	326	54	220	169	323	16	279	116	120	54	67	133	423	358	371	220	371	193	374	35	245	9	198	123	183	280	325	225	326	25	117	4	359	383	397	54	67	351	439	74	119	42	169	12	375	33	70	234	425	71	377	62	345	225	446	
172	86	5.82764169184634	280	325	225	326	54	220	169	323	116	120	126	387	90	325	112	333	249	377	54	85	53	445	23	128	124	439	125	155	160	245	294	392	388	399	275	386	54	67	133	423	358	371	220	371	193	374	35	245	9	198	123	183	225	326	25	117	4	359	383	397	54	67	351	439	74	119	138	197	42	169	12	375	33	70	234	425	71	377	185	202	91	414	90	325	112	333	249	377	54	85	125	213	29	343	254	393	54	67	133	423	358	371	109	419	193	374	35	245	9	198	62	335	123	183	225	326	25	117	4	359	383	397	157	253	54	67	133	423	358	371	220	371	193	374	35	245	9	198	123	183	225	326	25	117	4	359	383	397	54	67	351	439	74	119	138	197	42	169	12	375	33	70	234	425	71	377	185	202	91	414	53	128	
