12	6	4.58291172310761	65	259	280	325	225	326	74	188	132	197	128	338	
16	8	5.00782321919815	46	77	172	441	197	358	370	430	170	435	319	383	278	372	6	364	
4	2	3.75796394596723	241	320	31	284	
6	3	4.69863736486518	123	183	10	357	174	390	
16	8	4.96588895270283	54	67	351	439	91	240	74	119	152	233	56	81	138	197	42	169	
24	12	5.15275891809706	62	335	123	183	280	325	225	326	25	117	54	67	133	423	197	358	358	371	189	279	6	50	293	396	
20	10	5.14970719496047	54	67	133	423	166	345	358	371	220	371	109	419	193	374	35	245	9	198	353	410	
38	19	5.68738957098462	133	423	197	358	166	345	220	371	109	419	193	374	35	245	9	198	46	77	172	441	197	358	370	430	170	435	319	383	51	233	278	372	254	440	164	217	87	376	
8	4	5.09793328439279	380	412	90	325	162	420	124	439	
22	11	5.36208224710481	2	177	54	67	133	423	351	439	91	240	160	166	130	334	265	284	170	258	199	353	195	351	
32	16	5.53327253761777	172	441	183	216	370	430	170	435	319	383	51	233	21	324	54	67	197	358	358	371	189	279	6	50	293	396	375	384	190	253	105	419	
10	5	4.99397003415066	62	335	123	183	280	325	225	326	25	117	
36	18	5.64924367182257	54	67	133	423	197	358	166	345	220	371	109	419	193	374	9	198	46	77	172	441	197	358	370	430	170	435	319	383	51	233	278	372	254	440	60	313	
2	1	3.56831038591434	125	155	
14	7	4.94145967259849	126	387	123	183	10	357	241	320	380	412	90	325	112	333	
2	1	3.08286161492037	331	411	
70	35	5.58937685475831	46	77	172	441	197	358	183	216	370	430	170	435	109	254	46	77	172	441	123	183	197	358	183	216	370	430	170	435	54	67	133	423	197	358	358	371	189	279	6	50	293	396	192	246	54	67	133	423	166	345	358	371	109	419	62	335	67	399	126	387	123	183	10	357	19	154	279	430	2	417	
46	23	5.39670988795534	46	77	172	441	123	183	197	358	183	216	370	430	170	435	109	254	46	77	172	441	123	183	197	358	183	216	370	430	170	435	54	67	133	423	197	358	358	371	189	279	6	50	293	396	192	246	
34	17	5.14583344100263	62	335	123	183	280	325	225	326	25	117	54	67	133	423	197	358	358	371	189	279	6	50	293	396	62	335	123	183	280	325	225	326	25	117	
36	18	5.48596172854248	126	387	123	183	10	357	241	320	380	412	90	325	112	333	2	177	54	67	133	423	102	426	351	439	91	240	160	166	130	334	265	284	170	258	199	353	
46	23	5.56913695550473	62	335	123	183	280	325	225	326	25	117	54	67	133	423	197	358	358	371	189	279	6	50	293	396	2	177	54	67	133	423	351	439	91	240	160	166	130	334	265	284	170	258	199	353	195	351	
50	25	5.3002518777992	54	67	351	439	91	240	74	119	152	233	56	81	138	197	42	169	62	335	123	183	280	325	225	326	25	117	54	67	133	423	197	358	358	371	189	279	6	50	293	396	62	335	123	183	280	325	225	326	25	117	
30	15	5.28123454183016	54	67	133	423	166	345	358	371	220	371	109	419	193	374	35	245	9	198	353	410	62	335	123	183	280	325	225	326	25	117	
10	5	4.98630686074893	380	412	90	325	162	420	124	439	125	155	
