38	19	5.5488578769134	162	420	124	439	48	171	241	320	52	147	29	436	126	387	112	333	54	85	53	445	125	213	125	155	294	392	99	189	230	274	92	128	91	151	97	338	356	425	
10	5	4.80116113079571	160	245	9	438	41	247	93	212	3	376	
30	15	5.54381469264344	54	67	133	423	358	371	220	371	35	245	225	326	25	117	4	359	383	397	101	253	42	125	3	139	129	444	370	414	50	257	
68	34	5.73405528566757	54	67	133	423	358	371	220	371	109	419	35	245	62	335	280	325	225	326	25	117	4	359	383	397	101	253	42	125	162	420	124	439	48	171	241	320	29	436	102	245	126	387	90	325	53	445	125	213	125	155	48	171	160	245	294	392	99	189	230	274	223	388	10	413	357	382	125	301	
74	37	5.78049630054264	280	325	225	326	54	220	169	323	116	120	126	387	90	325	112	333	249	377	54	85	53	445	23	128	124	439	125	155	160	245	294	392	388	399	275	386	90	325	53	445	125	213	62	335	123	183	280	325	225	326	25	117	54	67	189	279	6	50	293	396	287	299	25	158	13	233	48	391	163	235	141	284	146	363	
100	50	5.82506672963903	90	325	53	445	125	213	62	335	123	183	280	325	225	326	25	117	54	67	189	279	6	50	293	396	287	299	25	158	13	233	48	391	163	235	141	284	146	363	54	67	133	423	358	371	220	371	193	374	35	245	9	198	123	183	25	117	4	359	383	397	54	67	351	439	138	197	42	169	12	375	234	425	71	377	185	202	91	414	54	67	351	439	138	197	42	169	33	70	234	425	59	315	110	331	370	389	105	181	211	282	
24	12	5.20357497821447	123	183	225	326	25	117	189	279	293	396	287	299	13	233	22	321	148	401	1	325	213	272	209	398	
16	8	5.48092147862612	351	439	138	197	42	169	234	425	110	331	19	309	36	43	240	347	
62	31	5.74010557291532	54	67	133	423	358	371	220	371	193	374	35	245	9	198	123	183	25	117	4	359	383	397	54	67	351	439	138	197	42	169	12	375	33	70	234	425	71	377	185	202	91	414	54	67	351	439	138	197	42	169	33	70	234	425	59	315	110	331	370	389	212	349	
90	45	5.78860778328766	54	67	133	423	358	371	220	371	193	374	35	245	9	198	225	326	25	117	4	359	383	397	54	67	74	119	138	197	42	169	12	375	33	70	234	425	71	377	185	202	91	414	112	333	249	377	54	85	125	213	29	343	254	393	54	67	133	423	358	371	109	419	193	374	35	245	9	198	62	335	123	183	280	325	225	326	25	117	4	359	383	397	157	253	55	83	24	332	391	433	
82	41	5.80744707227408	123	183	280	325	225	326	25	117	54	67	189	279	6	50	293	396	287	299	25	158	13	233	22	321	280	325	225	326	54	220	169	323	16	279	116	120	54	67	133	423	358	371	220	371	193	374	35	245	9	198	123	183	280	325	225	326	25	117	4	359	383	397	54	67	351	439	74	119	42	169	12	375	33	70	234	425	71	377	62	345	225	446	
36	18	5.41605364142538	280	325	225	326	54	220	169	323	116	120	126	387	90	325	112	333	249	377	54	85	53	445	23	128	124	439	125	155	160	245	294	392	275	386	147	254	
34	17	5.29873594249802	160	245	294	392	123	183	280	325	225	326	54	67	6	50	293	396	287	299	25	158	13	233	22	321	210	369	29	204	230	421	256	275	205	424	
98	49	5.71059111727012	54	67	133	423	358	371	220	371	109	419	193	374	35	245	62	335	280	325	225	326	25	117	4	359	383	397	101	253	42	125	162	420	124	439	241	320	52	147	29	436	102	245	126	387	90	325	54	85	53	445	125	213	125	155	48	171	160	245	294	392	99	189	230	274	223	388	54	67	133	423	358	371	220	371	109	419	193	374	35	245	62	335	225	326	25	117	4	359	383	397	101	253	42	125	3	139	299	363	
38	19	5.65813176793332	90	325	53	445	62	335	123	183	280	325	225	326	25	117	54	67	189	279	6	50	293	396	287	299	25	158	13	233	48	391	163	235	141	284	146	363	109	379	
44	22	5.77112180633638	112	333	249	377	54	85	125	213	54	67	133	423	358	371	220	371	109	419	193	374	35	245	9	198	62	335	123	183	280	325	225	326	25	117	4	359	383	397	208	234	9	164	157	291	
98	49	5.81230951318695	54	67	351	439	138	197	42	169	33	70	234	425	59	315	110	331	123	183	280	325	225	326	25	117	54	67	189	279	6	50	293	396	287	299	25	158	13	233	22	321	280	325	225	326	54	220	16	279	116	120	54	67	133	423	358	371	220	371	193	374	35	245	9	198	123	183	280	325	225	326	25	117	4	359	383	397	54	67	74	119	42	169	12	375	33	70	234	425	71	377	62	345	225	446	421	429	56	226	
62	31	5.72449099786878	90	325	53	445	62	335	123	183	280	325	225	326	25	117	189	279	6	50	293	396	287	299	25	158	13	233	48	391	163	235	141	284	146	363	109	379	123	183	225	326	25	117	189	279	6	50	293	396	287	299	13	233	22	321	148	401	1	325	213	272	137	233	
164	82	5.83479852276181	112	333	249	377	54	85	125	213	54	67	133	423	358	371	220	371	109	419	193	374	35	245	9	198	62	335	123	183	280	325	225	326	25	117	4	359	383	397	208	234	157	291	90	325	112	333	249	377	54	85	125	213	29	343	254	393	249	377	54	85	125	213	29	343	54	67	133	423	358	371	220	371	109	419	193	374	35	245	123	183	280	325	225	326	25	117	4	359	383	397	267	303	159	243	327	440	288	310	135	427	23	259	54	67	133	423	358	371	220	371	193	374	35	245	9	198	123	183	225	326	25	117	4	359	383	397	54	67	351	439	138	197	42	169	12	375	33	70	234	425	71	377	185	202	91	414	54	67	351	439	138	197	42	169	33	70	234	425	59	315	110	331	370	389	
54	27	5.56250417305678	124	439	48	171	52	147	29	436	90	325	249	377	54	85	53	445	125	213	118	390	280	325	225	326	54	220	169	323	16	279	116	120	126	387	112	333	249	377	54	85	53	445	23	128	187	384	106	369	76	326	4	120	116	443	
174	87	5.85017681571888	90	325	53	445	125	213	62	335	123	183	280	325	225	326	25	117	54	67	189	279	6	50	293	396	287	299	25	158	13	233	48	391	163	235	141	284	146	363	54	67	133	423	358	371	220	371	193	374	35	245	9	198	123	183	25	117	4	359	383	397	54	67	351	439	138	197	42	169	12	375	234	425	71	377	185	202	91	414	54	67	351	439	138	197	42	169	33	70	234	425	59	315	110	331	370	389	105	181	211	282	280	325	225	326	54	220	169	323	116	120	126	387	90	325	112	333	249	377	54	85	53	445	23	128	124	439	125	155	160	245	294	392	388	399	275	386	90	325	53	445	125	213	62	335	123	183	280	325	225	326	25	117	54	67	189	279	6	50	293	396	287	299	25	158	13	233	48	391	163	235	141	284	146	363	
136	68	5.81872174835779	123	183	280	325	225	326	25	117	54	67	189	279	6	50	293	396	287	299	25	158	13	233	22	321	280	325	225	326	54	220	169	323	16	279	116	120	54	67	133	423	358	371	220	371	193	374	35	245	9	198	123	183	280	325	225	326	25	117	4	359	383	397	54	67	351	439	74	119	42	169	12	375	33	70	234	425	71	377	62	345	225	446	124	439	48	171	52	147	29	436	90	325	249	377	54	85	53	445	125	213	118	390	280	325	225	326	54	220	169	323	16	279	116	120	126	387	112	333	249	377	54	85	53	445	23	128	187	384	106	369	76	326	4	120	116	443	
82	41	5.84335397956432	112	333	249	377	54	85	125	213	54	67	133	423	358	371	220	371	109	419	193	374	35	245	9	198	62	335	123	183	280	325	225	326	25	117	4	359	383	397	208	234	9	164	157	291	162	420	124	439	48	171	241	320	52	147	29	436	126	387	112	333	54	85	53	445	125	213	125	155	294	392	99	189	230	274	92	128	91	151	97	338	356	425	
106	53	5.79220851316711	351	439	138	197	42	169	234	425	110	331	19	309	36	43	240	347	54	67	133	423	358	371	220	371	193	374	35	245	9	198	225	326	25	117	4	359	383	397	54	67	74	119	138	197	42	169	12	375	33	70	234	425	71	377	185	202	91	414	112	333	249	377	54	85	125	213	29	343	254	393	54	67	133	423	358	371	109	419	193	374	35	245	9	198	62	335	123	183	280	325	225	326	25	117	4	359	383	397	157	253	55	83	24	332	391	433	
