64	32	5.40727511784939	133	423	358	371	220	371	109	419	193	374	35	245	9	198	353	410	62	335	123	183	280	325	225	326	25	117	173	209	62	335	123	183	280	325	225	326	25	117	54	67	133	423	197	358	358	371	189	279	6	50	293	396	62	335	123	183	280	325	225	326	25	117	437	446	
28	14	5.30382943160471	65	259	280	325	225	326	74	188	128	338	54	220	46	77	172	441	370	430	170	435	319	383	278	372	6	364	129	269	
38	19	5.65659152274821	133	423	197	358	166	345	220	371	193	374	35	245	9	198	46	77	172	441	197	358	370	430	170	435	319	383	51	233	278	372	254	440	164	217	87	376	41	171	
22	11	5.37044024097573	2	177	54	67	133	423	351	439	91	240	160	166	265	284	170	258	199	353	195	351	292	418	
30	15	5.51065851522024	54	67	133	423	358	371	220	371	109	419	193	374	35	245	9	198	353	410	62	335	123	183	280	325	225	326	25	117	4	359	
10	5	4.84085825388623	162	420	124	439	125	155	48	171	160	245	
36	18	5.65001370197192	54	67	133	423	197	358	166	345	220	371	109	419	193	374	9	198	46	77	172	441	197	358	370	430	170	435	319	383	51	233	278	372	254	440	60	313	
36	18	5.46265206095924	126	387	123	183	10	357	241	320	380	412	90	325	112	333	2	177	54	67	133	423	102	426	351	439	91	240	160	166	130	334	265	284	170	258	199	353	
46	23	5.43659764383358	46	77	172	441	123	183	197	358	183	216	170	435	109	254	46	77	172	441	123	183	197	358	183	216	370	430	170	435	54	67	133	423	197	358	358	371	189	279	6	50	293	396	192	246	114	298	
54	27	5.51350986641442	46	77	172	441	123	183	197	358	183	216	170	435	109	254	46	77	172	441	197	358	183	216	370	430	170	435	54	67	133	423	197	358	358	371	189	279	6	50	293	396	192	246	114	298	380	412	90	325	162	420	124	439	441	444	
2	1	3.07658955856499	331	411	
34	17	5.15161034234322	62	335	123	183	280	325	225	326	25	117	54	67	133	423	197	358	358	371	189	279	6	50	62	335	123	183	280	325	225	326	25	117	250	356	
8	4	5.06678159261757	90	325	162	420	124	439	251	255	
16	8	5.00819862670036	54	67	351	439	91	240	74	119	152	233	138	197	42	169	12	375	
50	25	5.32224034482586	54	67	351	439	91	240	74	119	152	233	56	81	138	197	42	169	62	335	123	183	280	325	225	326	25	117	54	67	133	423	197	358	358	371	189	279	6	50	293	396	62	335	123	183	280	325	225	326	25	117	
14	7	4.85311807604497	380	412	162	420	124	439	125	155	48	171	241	320	52	147	
2	1	3.56130056103456	125	155	
24	12	5.18010347653935	62	335	123	183	280	325	225	326	25	117	54	67	133	423	197	358	358	371	189	279	6	50	293	396	
12	6	4.88117886206315	65	259	280	325	225	326	74	188	54	220	169	323	
14	7	4.90319522631799	126	387	123	183	10	357	90	325	112	333	101	164	249	377	
68	34	5.65582382829254	46	77	172	441	123	183	197	358	183	216	170	435	109	254	46	77	172	441	197	358	183	216	370	430	170	435	54	67	133	423	197	358	358	371	189	279	6	50	293	396	192	246	114	298	380	412	90	325	162	420	124	439	441	444	380	412	162	420	124	439	125	155	48	171	241	320	52	147	
12	6	4.86339462017177	125	155	162	420	124	439	125	155	48	171	160	245	
74	37	5.37737139647486	62	335	123	183	280	325	225	326	25	117	54	67	133	423	197	358	358	371	189	279	6	50	293	396	54	67	351	439	91	240	74	119	152	233	56	81	138	197	42	169	62	335	123	183	280	325	225	326	25	117	54	67	133	423	197	358	358	371	189	279	6	50	293	396	62	335	123	183	280	325	225	326	25	117	
38	19	5.65591819805549	90	325	162	420	124	439	251	255	54	67	133	423	358	371	220	371	109	419	193	374	35	245	9	198	353	410	62	335	123	183	280	325	225	326	25	117	4	359	
