12	6	4.66719338811567	65	259	280	325	225	326	74	188	132	197	128	338	
36	18	5.46858277090456	65	259	123	183	280	325	225	326	74	188	132	197	54	67	102	426	351	439	91	240	160	166	74	119	152	233	56	81	241	320	380	412	90	325	175	274	
32	16	5.5441068933192	172	441	197	358	183	216	370	430	170	435	319	383	51	233	21	324	54	67	197	358	358	371	189	279	6	50	293	396	375	384	190	253	
4	2	4.29430361554038	241	320	158	381	
10	5	4.99204042708301	62	335	123	183	280	325	225	326	25	117	
36	18	5.64314206330787	54	67	133	423	197	358	166	345	220	371	109	419	193	374	35	245	9	198	46	77	172	441	197	358	370	430	170	435	319	383	51	233	278	372	254	440	
10	5	5.00117032141185	89	372	74	140	14	343	74	110	62	352	
8	4	4.77005246119345	241	320	380	412	90	325	162	420	
20	10	5.08812027205708	54	67	133	423	197	358	166	345	358	371	220	371	109	419	193	374	35	245	9	198	
24	12	5.20421447598692	54	67	133	423	166	345	358	371	109	419	62	335	67	399	126	387	123	183	10	357	19	154	279	430	
6	3	4.73841934117421	123	183	10	357	174	390	
24	12	5.15613575997113	62	335	123	183	280	325	225	326	25	117	54	67	133	423	197	358	358	371	189	279	6	50	293	396	
14	7	4.90083928956047	126	387	123	183	10	357	241	320	380	412	90	325	112	333	
2	1	2.75242420666276	164	217	
14	7	4.93569737011441	54	67	133	423	197	358	358	371	189	279	6	50	293	396	
16	8	4.77030149644894	54	67	351	439	91	240	160	166	74	119	152	233	56	81	138	197	
2	1	3.56917577545398	125	155	
46	23	5.36746072671931	46	77	172	441	123	183	197	358	183	216	370	430	170	435	109	254	46	77	172	441	123	183	197	358	183	216	370	430	170	435	54	67	133	423	197	358	358	371	189	279	6	50	293	396	192	246	
22	11	5.34472236117024	2	177	54	67	133	423	102	426	351	439	91	240	160	166	130	334	265	284	170	258	199	353	
16	8	5.01917908389175	46	77	172	441	197	358	370	430	170	435	319	383	278	372	6	364	
36	18	5.48344891600686	126	387	123	183	10	357	241	320	380	412	90	325	112	333	2	177	54	67	133	423	102	426	351	439	91	240	160	166	130	334	265	284	170	258	199	353	
38	19	5.65480037099022	54	67	133	423	197	358	166	345	220	371	109	419	193	374	35	245	9	198	46	77	172	441	197	358	370	430	170	435	319	383	51	233	278	372	254	440	164	217	
70	35	5.58818223355385	46	77	172	441	123	183	197	358	183	216	370	430	170	435	109	254	46	77	172	441	123	183	197	358	183	216	370	430	170	435	54	67	133	423	197	358	358	371	189	279	6	50	293	396	192	246	54	67	133	423	166	345	358	371	109	419	62	335	67	399	126	387	123	183	10	357	19	154	279	430	
34	17	5.15101471585962	62	335	123	183	280	325	225	326	25	117	54	67	133	423	197	358	358	371	189	279	6	50	293	396	62	335	123	183	280	325	225	326	25	117	
