38	19	5.56667004727222	162	420	124	439	48	171	241	320	52	147	29	436	112	333	54	85	53	445	125	213	125	155	294	392	99	189	230	274	92	128	91	151	97	338	356	425	117	146	
68	34	5.70825298033616	54	67	358	371	220	371	109	419	35	245	62	335	280	325	225	326	25	117	4	359	383	397	101	253	42	125	162	420	124	439	48	171	241	320	29	436	102	245	126	387	90	325	53	445	125	213	125	155	160	245	294	392	99	189	230	274	223	388	10	413	357	382	125	301	201	429	142	205	
72	36	5.71459293334843	160	245	294	392	123	183	280	325	54	67	6	50	293	396	287	299	25	158	13	233	22	321	210	369	29	204	230	421	256	275	205	424	237	313	162	420	124	439	48	171	241	320	52	147	29	436	112	333	54	85	53	445	125	213	125	155	294	392	99	189	230	274	92	128	91	151	97	338	356	425	117	146	
62	31	5.73107923658289	54	67	133	423	358	371	220	371	193	374	35	245	9	198	123	183	25	117	4	359	383	397	54	67	351	439	138	197	42	169	12	375	33	70	234	425	71	377	185	202	91	414	54	67	351	439	138	197	42	169	33	70	234	425	110	331	370	389	212	349	191	233	
98	49	5.80957876221482	54	67	351	439	138	197	42	169	33	70	234	425	59	315	110	331	280	325	225	326	25	117	54	67	189	279	6	50	293	396	287	299	25	158	13	233	22	321	280	325	225	326	54	220	16	279	116	120	54	67	133	423	358	371	220	371	193	374	35	245	9	198	123	183	280	325	225	326	25	117	4	359	383	397	54	67	74	119	42	169	12	375	33	70	234	425	71	377	62	345	225	446	421	429	56	226	55	144	
30	15	5.52364065765715	54	67	133	423	358	371	220	371	35	245	225	326	25	117	4	359	383	397	42	125	3	139	129	444	370	414	50	257	275	302	
98	49	5.71300946064323	54	67	133	423	358	371	220	371	109	419	193	374	35	245	62	335	280	325	225	326	25	117	4	359	383	397	101	253	42	125	162	420	124	439	241	320	52	147	29	436	102	245	126	387	90	325	54	85	53	445	125	213	125	155	48	171	160	245	294	392	99	189	230	274	223	388	54	67	133	423	358	371	220	371	109	419	193	374	35	245	62	335	225	326	25	117	4	359	383	397	101	253	42	125	3	139	299	363	
106	53	5.84834079112728	90	325	53	445	62	335	123	183	280	325	225	326	25	117	54	67	189	279	6	50	293	396	287	299	25	158	13	233	48	391	163	235	141	284	146	363	109	379	54	67	358	371	220	371	109	419	35	245	62	335	280	325	225	326	25	117	4	359	383	397	101	253	42	125	162	420	124	439	48	171	241	320	29	436	102	245	126	387	90	325	53	445	125	213	125	155	48	171	160	245	294	392	99	189	230	274	223	388	10	413	357	382	125	301	201	429	
36	18	5.44503475662068	280	325	225	326	54	220	169	323	116	120	126	387	90	325	112	333	249	377	54	85	53	445	23	128	124	439	125	155	160	245	294	392	275	386	147	254	
34	17	5.33540747079924	160	245	294	392	123	183	54	67	6	50	293	396	287	299	25	158	13	233	22	321	210	369	29	204	230	421	256	275	205	424	237	313	378	437	
82	41	5.85350855956402	112	333	249	377	54	85	125	213	54	67	133	423	358	371	220	371	109	419	193	374	35	245	9	198	62	335	123	183	280	325	225	326	25	117	4	359	383	397	208	234	9	164	157	291	162	420	124	439	48	171	241	320	52	147	29	436	112	333	54	85	53	445	125	213	125	155	294	392	99	189	230	274	92	128	91	151	97	338	356	425	200	444	
90	45	5.78164206888524	54	67	133	423	358	371	220	371	193	374	35	245	9	198	225	326	25	117	4	359	383	397	54	67	74	119	138	197	42	169	12	375	33	70	234	425	71	377	185	202	91	414	112	333	249	377	54	85	125	213	29	343	254	393	54	67	133	423	109	419	193	374	35	245	9	198	62	335	123	183	280	325	225	326	4	359	383	397	157	253	55	83	24	332	391	433	217	423	6	388	
10	5	4.79581857706853	160	245	9	438	41	247	93	212	108	273	
16	8	5.47239606425395	351	439	138	197	42	169	234	425	110	331	19	309	36	43	240	347	
74	37	5.76341396769301	280	325	225	326	54	220	169	323	126	387	90	325	112	333	249	377	54	85	53	445	23	128	124	439	125	155	160	245	294	392	388	399	275	386	90	325	53	445	125	213	62	335	123	183	280	325	225	326	25	117	54	67	189	279	6	50	293	396	287	299	25	158	13	233	48	391	163	235	141	284	146	363	125	175	
62	31	5.71699969941339	90	325	53	445	62	335	123	183	280	325	225	326	25	117	189	279	6	50	293	396	287	299	25	158	13	233	48	391	163	235	141	284	146	363	109	379	123	183	225	326	25	117	189	279	6	50	293	396	287	299	13	233	22	321	148	401	213	272	137	233	44	183	
40	20	5.5497379846742	160	245	9	438	41	247	93	212	3	376	54	67	133	423	358	371	220	371	35	245	225	326	25	117	4	359	383	397	42	125	3	139	129	444	370	414	50	257	38	347	
38	19	5.63305498492863	53	445	62	335	123	183	280	325	225	326	25	117	54	67	189	279	6	50	293	396	287	299	25	158	13	233	48	391	163	235	141	284	146	363	109	379	63	365	
44	22	5.79385321162825	112	333	249	377	54	85	125	213	54	67	133	423	358	371	220	371	109	419	35	245	9	198	62	335	123	183	280	325	225	326	25	117	4	359	383	397	208	234	9	164	157	291	238	441	
106	53	5.79002855944052	351	439	138	197	42	169	234	425	110	331	19	309	36	43	240	347	54	67	133	423	358	371	220	371	193	374	35	245	9	198	225	326	25	117	4	359	383	397	54	67	74	119	138	197	42	169	12	375	33	70	234	425	71	377	185	202	91	414	112	333	249	377	54	85	125	213	29	343	254	393	54	67	133	423	358	371	109	419	193	374	35	245	9	198	62	335	123	183	280	325	225	326	25	117	383	397	157	253	55	83	24	332	391	433	167	289	
142	71	5.85606025522853	54	67	358	371	220	371	109	419	35	245	62	335	280	325	225	326	25	117	4	359	383	397	101	253	42	125	162	420	124	439	48	171	241	320	29	436	102	245	126	387	90	325	53	445	125	213	125	155	160	245	294	392	99	189	230	274	223	388	10	413	357	382	125	301	201	429	142	205	280	325	225	326	54	220	169	323	126	387	90	325	112	333	249	377	54	85	53	445	23	128	124	439	125	155	160	245	294	392	388	399	275	386	90	325	53	445	125	213	62	335	123	183	280	325	225	326	25	117	54	67	189	279	6	50	293	396	287	299	25	158	13	233	48	391	163	235	141	284	146	363	125	175	
150	75	5.88250061565995	90	325	53	445	62	335	123	183	280	325	225	326	25	117	54	67	189	279	6	50	293	396	287	299	25	158	13	233	48	391	163	235	141	284	146	363	109	379	54	67	358	371	220	371	109	419	35	245	62	335	280	325	225	326	25	117	4	359	383	397	101	253	42	125	162	420	124	439	48	171	241	320	29	436	102	245	126	387	90	325	53	445	125	213	125	155	48	171	160	245	294	392	99	189	230	274	223	388	10	413	357	382	125	301	201	429	112	333	249	377	54	85	125	213	54	67	133	423	358	371	220	371	109	419	35	245	9	198	62	335	123	183	280	325	225	326	25	117	4	359	383	397	208	234	9	164	157	291	238	441	
88	44	5.79065275345404	351	439	138	197	42	169	234	425	110	331	19	309	36	43	240	347	160	245	294	392	123	183	280	325	54	67	6	50	293	396	287	299	25	158	13	233	22	321	210	369	29	204	230	421	256	275	205	424	237	313	162	420	124	439	48	171	241	320	52	147	29	436	112	333	54	85	53	445	125	213	125	155	294	392	99	189	230	274	92	128	91	151	97	338	356	425	117	146	
128	64	5.81866210298052	54	67	351	439	138	197	42	169	33	70	234	425	59	315	110	331	280	325	225	326	25	117	54	67	189	279	6	50	293	396	287	299	25	158	13	233	22	321	280	325	225	326	54	220	16	279	116	120	54	67	133	423	358	371	220	371	193	374	35	245	9	198	123	183	280	325	225	326	25	117	4	359	383	397	54	67	74	119	42	169	12	375	33	70	234	425	71	377	62	345	225	446	421	429	56	226	55	144	54	67	133	423	358	371	220	371	35	245	225	326	25	117	4	359	383	397	42	125	3	139	129	444	370	414	50	257	275	302	
