30	15	5.33703581833654	54	67	133	423	358	371	220	371	109	419	193	374	35	245	9	198	353	410	62	335	123	183	280	325	225	326	25	117	173	209	
12	6	4.58827978642702	65	259	280	325	225	326	74	188	128	338	54	220	
2	1	3.07224509745072	331	411	
46	23	5.58841117118348	62	335	123	183	280	325	225	326	25	117	54	67	133	423	197	358	358	371	189	279	6	50	293	396	2	177	54	67	133	423	351	439	91	240	160	166	130	334	265	284	170	258	199	353	195	351	
16	8	4.77988889785379	54	67	351	439	91	240	74	119	152	233	56	81	138	197	42	169	
2	1	3.56341090306038	125	155	
36	18	5.65112985818209	54	67	133	423	197	358	166	345	220	371	109	419	193	374	9	198	46	77	172	441	197	358	370	430	170	435	319	383	51	233	278	372	254	440	60	313	
8	4	5.16906452155313	380	412	90	325	162	420	124	439	
46	23	5.31883701702256	46	77	172	441	123	183	197	358	183	216	170	435	109	254	46	77	172	441	123	183	197	358	183	216	370	430	170	435	54	67	133	423	197	358	358	371	189	279	6	50	293	396	192	246	114	298	
4	2	4.30433086045545	241	320	145	159	
50	25	5.32451967661232	54	67	351	439	91	240	74	119	152	233	56	81	138	197	42	169	62	335	123	183	280	325	225	326	25	117	54	67	133	423	197	358	358	371	189	279	6	50	293	396	62	335	123	183	280	325	225	326	25	117	
38	19	5.64472020316878	133	423	197	358	166	345	220	371	193	374	35	245	9	198	46	77	172	441	197	358	370	430	170	435	319	383	51	233	278	372	254	440	164	217	87	376	41	171	
14	7	5.03079987940725	126	387	123	183	10	357	241	320	90	325	112	333	101	164	
34	17	5.13603798206594	62	335	123	183	280	325	225	326	25	117	54	67	133	423	197	358	358	371	189	279	6	50	293	396	62	335	123	183	280	325	225	326	25	117	
32	16	5.56816139735142	183	216	370	430	170	435	319	383	51	233	21	324	54	67	197	358	358	371	189	279	6	50	293	396	375	384	190	253	105	419	46	363	
36	18	5.61592464546645	126	387	123	183	10	357	241	320	380	412	90	325	112	333	2	177	54	67	133	423	102	426	351	439	91	240	160	166	130	334	265	284	170	258	199	353	
22	11	5.35423665874284	2	177	54	67	133	423	351	439	91	240	160	166	265	284	170	258	199	353	195	351	292	418	
10	5	4.84885330198204	380	412	162	420	124	439	125	155	48	171	
16	8	5.21251154408582	46	77	172	441	370	430	170	435	319	383	278	372	6	364	129	269	
24	12	5.17111559040191	62	335	123	183	280	325	225	326	25	117	54	67	133	423	197	358	358	371	189	279	6	50	293	396	
64	32	5.38399502773434	54	67	133	423	358	371	220	371	109	419	193	374	35	245	9	198	353	410	62	335	123	183	280	325	225	326	25	117	173	209	62	335	123	183	280	325	225	326	25	117	54	67	133	423	197	358	358	371	189	279	6	50	293	396	62	335	123	183	280	325	225	326	25	117	
28	14	5.32152359810366	65	259	280	325	225	326	74	188	128	338	54	220	46	77	172	441	370	430	170	435	319	383	278	372	6	364	129	269	
54	27	5.39908188020059	46	77	172	441	123	183	197	358	183	216	170	435	109	254	46	77	172	441	123	183	197	358	183	216	370	430	170	435	54	67	133	423	197	358	358	371	189	279	6	50	293	396	192	246	114	298	380	412	90	325	162	420	124	439	
14	7	4.92044126331564	380	412	162	420	124	439	125	155	48	171	241	320	145	159	
