34	17	5.42169829723239	160	245	294	392	123	183	54	67	6	50	293	396	287	299	25	158	22	321	210	369	29	204	230	421	256	275	205	424	237	313	378	437	248	348	
88	44	5.78981948878072	351	439	138	197	42	169	234	425	110	331	36	43	240	347	160	245	294	392	123	183	280	325	54	67	6	50	293	396	287	299	25	158	13	233	22	321	210	369	29	204	230	421	256	275	205	424	237	313	162	420	124	439	48	171	52	147	29	436	112	333	54	85	53	445	125	213	125	155	294	392	99	189	230	274	92	128	91	151	97	338	356	425	117	146	97	331	34	63	
90	45	5.78628609090936	54	67	133	423	358	371	220	371	193	374	35	245	9	198	225	326	25	117	4	359	383	397	54	67	74	119	138	197	42	169	12	375	33	70	234	425	71	377	185	202	91	414	112	333	249	377	54	85	125	213	29	343	254	393	54	67	133	423	109	419	193	374	35	245	9	198	62	335	123	183	280	325	225	326	4	359	383	397	157	253	55	83	24	332	391	433	217	423	6	388	
10	5	5.11285815826411	160	245	9	438	108	273	4	115	59	165	
74	37	5.77607230673179	280	325	225	326	54	220	169	323	126	387	90	325	112	333	249	377	54	85	53	445	23	128	124	439	125	155	160	245	388	399	275	386	90	325	53	445	125	213	62	335	123	183	280	325	225	326	25	117	54	67	189	279	6	50	293	396	287	299	25	158	13	233	48	391	163	235	141	284	146	363	125	175	155	161	
62	31	5.7001965923034	90	325	53	445	62	335	123	183	280	325	225	326	25	117	189	279	6	50	293	396	287	299	25	158	13	233	48	391	163	235	141	284	146	363	109	379	123	183	225	326	25	117	189	279	6	50	293	396	287	299	13	233	22	321	148	401	213	272	137	233	44	183	
82	41	5.85687666373736	112	333	249	377	54	85	125	213	54	67	133	423	358	371	220	371	109	419	193	374	35	245	9	198	62	335	123	183	280	325	225	326	25	117	4	359	383	397	208	234	9	164	157	291	162	420	124	439	48	171	241	320	52	147	29	436	112	333	54	85	53	445	125	213	125	155	294	392	99	189	230	274	92	128	91	151	97	338	356	425	200	444	
74	37	5.79828190907428	112	333	249	377	54	85	125	213	54	67	133	423	358	371	220	371	109	419	35	245	9	198	62	335	123	183	280	325	225	326	25	117	4	359	383	397	208	234	9	164	157	291	238	441	54	67	133	423	358	371	220	371	35	245	225	326	25	117	4	359	383	397	42	125	3	139	129	444	370	414	50	257	275	302	
98	49	5.72365143996033	54	67	133	423	358	371	220	371	109	419	193	374	35	245	62	335	280	325	225	326	25	117	4	359	383	397	101	253	42	125	162	420	124	439	241	320	52	147	29	436	102	245	126	387	90	325	54	85	53	445	125	213	125	155	48	171	160	245	294	392	99	189	230	274	223	388	54	67	133	423	358	371	220	371	109	419	35	245	62	335	225	326	25	117	4	359	383	397	101	253	42	125	3	139	299	363	5	377	
72	36	5.74950769021052	160	245	294	392	123	183	280	325	54	67	6	50	293	396	287	299	25	158	13	233	22	321	210	369	29	204	230	421	256	275	205	424	237	313	162	420	124	439	48	171	241	320	52	147	29	436	112	333	54	85	53	445	125	155	294	392	99	189	230	274	92	128	91	151	97	338	356	425	117	146	44	135	
16	8	5.33899394646688	138	197	42	169	234	425	19	309	36	43	240	347	115	158	278	401	
62	31	5.71889992442362	54	67	133	423	358	371	220	371	193	374	35	245	9	198	123	183	25	117	4	359	383	397	54	67	351	439	138	197	42	169	12	375	33	70	234	425	71	377	185	202	91	414	54	67	351	439	138	197	42	169	33	70	234	425	110	331	370	389	212	349	191	233	
72	36	5.79161307463952	160	245	9	438	41	247	108	273	4	115	54	67	133	423	358	371	220	371	193	374	35	245	9	198	123	183	25	117	4	359	383	397	54	67	351	439	138	197	42	169	12	375	33	70	234	425	71	377	185	202	91	414	54	67	351	439	138	197	42	169	33	70	234	425	110	331	370	389	212	349	191	233	
40	20	5.52964118450096	160	245	9	438	41	247	93	212	3	376	54	67	358	371	220	371	35	245	225	326	25	117	4	359	383	397	42	125	3	139	129	444	370	414	50	257	38	347	28	359	
128	64	5.83091590685126	54	67	351	439	138	197	42	169	33	70	234	425	59	315	110	331	280	325	225	326	25	117	54	67	189	279	6	50	293	396	287	299	25	158	13	233	22	321	280	325	225	326	54	220	16	279	116	120	54	67	133	423	358	371	220	371	35	245	9	198	123	183	280	325	225	326	25	117	4	359	383	397	54	67	74	119	42	169	12	375	33	70	234	425	71	377	62	345	225	446	421	429	56	226	55	144	54	67	133	423	358	371	220	371	35	245	225	326	25	117	4	359	383	397	42	125	3	139	129	444	370	414	50	257	275	302	5	289	
38	19	5.66666267844279	53	445	62	335	123	183	280	325	225	326	54	67	189	279	6	50	287	299	25	158	13	233	48	391	163	235	141	284	146	363	109	379	63	365	202	291	26	70	
36	18	5.27674910260729	280	325	225	326	54	220	169	323	116	120	126	387	90	325	112	333	249	377	54	85	53	445	23	128	124	439	125	155	160	245	294	392	147	254	153	375	
106	53	5.7987061059695	351	439	138	197	42	169	234	425	110	331	19	309	36	43	240	347	54	67	133	423	358	371	220	371	193	374	35	245	9	198	225	326	25	117	4	359	383	397	54	67	74	119	138	197	42	169	12	375	33	70	234	425	71	377	185	202	91	414	112	333	54	85	125	213	29	343	254	393	54	67	133	423	358	371	109	419	193	374	35	245	9	198	62	335	123	183	280	325	225	326	25	117	383	397	157	253	55	83	24	332	391	433	129	216	344	424	
44	22	5.78632129595039	112	333	249	377	54	85	125	213	54	67	133	423	358	371	220	371	109	419	35	245	9	198	62	335	123	183	280	325	225	326	25	117	4	359	383	397	208	234	9	164	157	291	238	441	
38	19	5.568619938074	162	420	124	439	48	171	241	320	52	147	112	333	54	85	53	445	125	213	125	155	294	392	99	189	230	274	92	128	91	151	97	338	117	146	116	347	336	432	
170	85	5.77879529286249	54	67	133	423	358	371	220	371	109	419	193	374	35	245	62	335	280	325	225	326	25	117	4	359	383	397	101	253	42	125	162	420	124	439	241	320	52	147	29	436	102	245	126	387	90	325	54	85	53	445	125	213	125	155	48	171	160	245	294	392	99	189	230	274	223	388	54	67	133	423	358	371	220	371	109	419	35	245	62	335	225	326	25	117	4	359	383	397	101	253	42	125	3	139	299	363	5	377	160	245	294	392	123	183	280	325	54	67	6	50	293	396	287	299	25	158	13	233	22	321	210	369	29	204	230	421	256	275	205	424	237	313	162	420	124	439	48	171	241	320	52	147	29	436	112	333	54	85	53	445	125	155	294	392	99	189	230	274	92	128	91	151	97	338	356	425	117	146	44	135	
190	95	5.85252992760012	90	325	53	445	62	335	123	183	280	325	225	326	25	117	189	279	6	50	293	396	287	299	25	158	13	233	48	391	163	235	141	284	146	363	109	379	123	183	225	326	25	117	189	279	6	50	293	396	287	299	13	233	22	321	148	401	213	272	137	233	44	183	54	67	351	439	138	197	42	169	33	70	234	425	59	315	110	331	280	325	225	326	25	117	54	67	189	279	6	50	293	396	287	299	25	158	13	233	22	321	280	325	225	326	54	220	16	279	116	120	54	67	133	423	358	371	220	371	35	245	9	198	123	183	280	325	225	326	25	117	4	359	383	397	54	67	74	119	42	169	12	375	33	70	234	425	71	377	62	345	225	446	421	429	56	226	55	144	54	67	133	423	358	371	220	371	35	245	225	326	25	117	4	359	383	397	42	125	3	139	129	444	370	414	50	257	275	302	5	289	
170	85	5.87188578251701	112	333	249	377	54	85	125	213	54	67	133	423	358	371	220	371	109	419	193	374	35	245	9	198	62	335	123	183	280	325	225	326	25	117	4	359	383	397	208	234	9	164	157	291	162	420	124	439	48	171	241	320	52	147	29	436	112	333	54	85	53	445	125	213	125	155	294	392	99	189	230	274	92	128	91	151	97	338	356	425	200	444	351	439	138	197	42	169	234	425	110	331	36	43	240	347	160	245	294	392	123	183	280	325	54	67	6	50	293	396	287	299	25	158	13	233	22	321	210	369	29	204	230	421	256	275	205	424	237	313	162	420	124	439	48	171	52	147	29	436	112	333	54	85	53	445	125	213	125	155	294	392	99	189	230	274	92	128	91	151	97	338	356	425	117	146	97	331	34	63	
146	73	5.82174970012322	351	439	138	197	42	169	234	425	110	331	19	309	36	43	240	347	54	67	133	423	358	371	220	371	193	374	35	245	9	198	225	326	25	117	4	359	383	397	54	67	74	119	138	197	42	169	12	375	33	70	234	425	71	377	185	202	91	414	112	333	54	85	125	213	29	343	254	393	54	67	133	423	358	371	109	419	193	374	35	245	9	198	62	335	123	183	280	325	225	326	25	117	383	397	157	253	55	83	24	332	391	433	129	216	344	424	160	245	9	438	41	247	93	212	3	376	54	67	358	371	220	371	35	245	225	326	25	117	4	359	383	397	42	125	3	139	129	444	370	414	50	257	38	347	28	359	
