62	31	5.72221120040727	54	67	133	423	358	371	220	371	193	374	35	245	9	198	123	183	25	117	4	359	54	67	351	439	138	197	42	169	12	375	33	70	234	425	71	377	185	202	91	414	54	67	351	439	138	197	42	169	33	70	234	425	110	331	370	389	212	349	191	233	216	401	
44	22	5.70998092875996	112	333	249	377	54	85	125	213	54	67	133	423	358	371	220	371	109	419	35	245	9	198	62	335	123	183	280	325	225	326	25	117	4	359	383	397	9	164	157	291	238	441	89	146	
38	19	5.66443970840075	53	445	62	335	123	183	280	325	225	326	54	67	189	279	6	50	287	299	25	158	13	233	48	391	163	235	141	284	146	363	109	379	63	365	202	291	26	70	
178	89	5.82696804791786	351	439	138	197	42	169	234	425	110	331	19	309	36	43	240	347	54	67	133	423	358	371	220	371	193	374	35	245	9	198	225	326	25	117	4	359	383	397	54	67	74	119	138	197	42	169	12	375	33	70	234	425	71	377	185	202	91	414	112	333	54	85	125	213	29	343	254	393	54	67	133	423	358	371	109	419	193	374	35	245	9	198	62	335	123	183	280	325	225	326	25	117	383	397	157	253	55	83	24	332	391	433	129	216	344	424	160	245	9	438	41	247	108	273	4	115	54	67	133	423	358	371	220	371	193	374	35	245	9	198	123	183	25	117	4	359	383	397	54	67	351	439	138	197	42	169	12	375	33	70	234	425	71	377	185	202	91	414	351	439	138	197	42	169	33	70	234	425	110	331	370	389	212	349	191	233	83	313	
10	5	4.81111667585815	160	245	9	438	108	273	59	165	276	344	
16	8	5.44724974587847	42	169	234	425	19	309	36	43	240	347	115	158	278	401	211	328	
88	44	5.79023724781903	351	439	138	197	42	169	234	425	110	331	36	43	240	347	160	245	294	392	123	183	280	325	54	67	6	50	293	396	287	299	25	158	13	233	22	321	210	369	29	204	230	421	256	275	205	424	237	313	162	420	124	439	48	171	52	147	29	436	112	333	54	85	53	445	125	213	125	155	294	392	99	189	230	274	92	128	91	151	97	338	356	425	117	146	97	331	34	63	
38	19	5.53453226119816	162	420	124	439	48	171	241	320	52	147	112	333	54	85	53	445	125	155	294	392	99	189	230	274	92	128	91	151	97	338	117	146	116	347	336	432	34	345	
62	31	5.69003486288476	90	325	53	445	62	335	123	183	280	325	225	326	25	117	189	279	6	50	293	396	287	299	25	158	13	233	48	391	163	235	141	284	109	379	123	183	225	326	25	117	189	279	6	50	293	396	287	299	13	233	22	321	213	272	137	233	44	183	125	166	98	142	
72	36	5.71983542019768	160	245	294	392	123	183	280	325	54	67	6	50	293	396	287	299	25	158	13	233	22	321	210	369	29	204	230	421	256	275	237	313	162	420	124	439	48	171	241	320	52	147	29	436	112	333	54	85	53	445	125	155	294	392	99	189	230	274	92	128	91	151	97	338	356	425	117	146	44	135	66	146	
34	17	5.36156217394464	160	245	294	392	123	183	54	67	6	50	293	396	287	299	25	158	210	369	29	204	230	421	256	275	205	424	237	313	378	437	248	348	21	102	
128	64	5.83312708482569	54	67	351	439	138	197	42	169	33	70	234	425	59	315	110	331	280	325	225	326	25	117	54	67	189	279	6	50	293	396	287	299	25	158	13	233	22	321	280	325	225	326	54	220	16	279	116	120	54	67	133	423	358	371	220	371	35	245	9	198	123	183	280	325	225	326	25	117	4	359	383	397	54	67	74	119	42	169	12	375	33	70	234	425	71	377	62	345	225	446	421	429	56	226	55	144	54	67	133	423	358	371	220	371	35	245	225	326	25	117	4	359	383	397	42	125	3	139	129	444	50	257	275	302	5	289	26	80	
72	36	5.81430903187616	160	245	9	438	41	247	108	273	4	115	54	67	133	423	358	371	220	371	193	374	35	245	9	198	123	183	25	117	4	359	383	397	54	67	351	439	138	197	42	169	12	375	33	70	234	425	71	377	185	202	351	439	138	197	42	169	33	70	234	425	110	331	370	389	212	349	191	233	83	313	15	95	
40	20	5.52686893169101	160	245	9	438	41	247	93	212	3	376	54	67	220	371	35	245	225	326	25	117	4	359	383	397	42	125	3	139	129	444	370	414	50	257	38	347	28	359	287	311	
146	73	5.8193954518527	351	439	138	197	42	169	234	425	110	331	19	309	36	43	240	347	54	67	133	423	358	371	220	371	193	374	35	245	9	198	225	326	25	117	4	359	383	397	54	67	74	119	138	197	42	169	12	375	33	70	234	425	71	377	185	202	91	414	112	333	54	85	125	213	29	343	254	393	54	67	133	423	358	371	109	419	193	374	35	245	9	198	62	335	123	183	280	325	225	326	25	117	383	397	157	253	55	83	24	332	391	433	129	216	344	424	160	245	9	438	41	247	93	212	3	376	54	67	358	371	220	371	35	245	225	326	25	117	4	359	383	397	42	125	3	139	129	444	370	414	50	257	38	347	28	359	
74	37	5.76899988352348	280	325	225	326	169	323	126	387	90	325	112	333	249	377	54	85	53	445	23	128	124	439	125	155	160	245	388	399	275	386	90	325	53	445	125	213	123	183	280	325	225	326	25	117	54	67	189	279	6	50	293	396	287	299	25	158	13	233	48	391	163	235	141	284	146	363	125	175	155	161	269	406	43	131	
106	53	5.79896266440022	351	439	138	197	42	169	234	425	110	331	19	309	36	43	240	347	54	67	133	423	358	371	220	371	193	374	35	245	9	198	225	326	25	117	4	359	383	397	54	67	74	119	138	197	42	169	12	375	33	70	234	425	71	377	185	202	91	414	112	333	54	85	125	213	29	343	254	393	54	67	133	423	358	371	109	419	193	374	35	245	9	198	62	335	123	183	280	325	225	326	25	117	383	397	157	253	55	83	24	332	391	433	129	216	344	424	
90	45	5.77603670612346	54	67	133	423	358	371	220	371	193	374	35	245	9	198	225	326	25	117	4	359	383	397	54	67	74	119	138	197	42	169	12	375	33	70	234	425	71	377	185	202	91	414	112	333	249	377	54	85	125	213	29	343	254	393	54	67	133	423	109	419	193	374	35	245	9	198	62	335	123	183	280	325	225	326	4	359	383	397	157	253	55	83	24	332	391	433	217	423	6	388	
170	85	5.87245362261864	112	333	249	377	54	85	125	213	54	67	133	423	358	371	220	371	109	419	193	374	35	245	9	198	62	335	123	183	280	325	225	326	25	117	4	359	383	397	208	234	9	164	157	291	162	420	124	439	48	171	241	320	52	147	29	436	112	333	54	85	53	445	125	213	125	155	294	392	99	189	230	274	92	128	91	151	97	338	356	425	200	444	351	439	138	197	42	169	234	425	110	331	36	43	240	347	160	245	294	392	123	183	280	325	54	67	6	50	293	396	287	299	25	158	13	233	22	321	210	369	29	204	230	421	256	275	205	424	237	313	162	420	124	439	48	171	52	147	29	436	54	85	53	445	125	213	125	155	294	392	99	189	230	274	92	128	91	151	97	338	356	425	117	146	34	63	377	443	93	144	
74	37	5.81139563221334	112	333	249	377	54	85	125	213	54	67	133	423	358	371	220	371	109	419	35	245	9	198	62	335	123	183	280	325	225	326	25	117	4	359	383	397	208	234	9	164	157	291	238	441	54	67	133	423	358	371	220	371	35	245	225	326	25	117	4	359	383	397	42	125	129	444	370	414	50	257	275	302	18	345	
274	137	5.86662783854067	54	67	351	439	138	197	42	169	33	70	234	425	59	315	110	331	280	325	225	326	25	117	54	67	189	279	6	50	293	396	287	299	25	158	13	233	22	321	280	325	225	326	54	220	16	279	116	120	54	67	133	423	358	371	220	371	35	245	9	198	123	183	280	325	225	326	25	117	4	359	383	397	54	67	74	119	42	169	12	375	33	70	234	425	71	377	62	345	225	446	421	429	56	226	55	144	54	67	133	423	358	371	220	371	35	245	225	326	25	117	4	359	383	397	42	125	3	139	129	444	50	257	275	302	5	289	26	80	351	439	138	197	42	169	234	425	110	331	19	309	36	43	240	347	54	67	133	423	358	371	220	371	193	374	35	245	9	198	225	326	25	117	4	359	383	397	54	67	74	119	138	197	42	169	12	375	33	70	234	425	71	377	185	202	91	414	112	333	54	85	125	213	29	343	254	393	54	67	133	423	358	371	109	419	193	374	35	245	9	198	62	335	123	183	280	325	225	326	25	117	383	397	157	253	55	83	24	332	391	433	129	216	344	424	160	245	9	438	41	247	93	212	3	376	54	67	358	371	220	371	35	245	225	326	25	117	4	359	383	397	42	125	3	139	129	444	370	414	50	257	38	347	28	359	
116	58	5.81539555607558	351	439	138	197	42	169	234	425	110	331	19	309	36	43	240	347	54	67	133	423	358	371	220	371	193	374	35	245	9	198	225	326	25	117	4	359	383	397	54	67	74	119	138	197	42	169	12	375	33	70	234	425	71	377	185	202	91	414	112	333	54	85	125	213	29	343	254	393	54	67	133	423	358	371	109	419	193	374	35	245	9	198	62	335	123	183	280	325	225	326	25	117	383	397	157	253	55	83	24	332	391	433	129	216	344	424	160	245	9	438	108	273	59	165	276	344	
134	67	5.82374567158638	160	245	9	438	41	247	108	273	4	115	54	67	133	423	358	371	220	371	193	374	35	245	9	198	123	183	25	117	4	359	383	397	54	67	351	439	138	197	42	169	12	375	33	70	234	425	71	377	185	202	351	439	138	197	42	169	33	70	234	425	110	331	370	389	212	349	191	233	83	313	15	95	54	67	133	423	358	371	220	371	193	374	35	245	9	198	123	183	25	117	4	359	54	67	351	439	138	197	42	169	12	375	33	70	234	425	71	377	185	202	91	414	54	67	351	439	138	197	42	169	33	70	234	425	110	331	370	389	212	349	191	233	216	401	
118	59	5.83761760084867	112	333	249	377	54	85	125	213	54	67	133	423	358	371	220	371	109	419	35	245	9	198	62	335	123	183	280	325	225	326	25	117	4	359	383	397	208	234	9	164	157	291	238	441	54	67	133	423	358	371	220	371	35	245	225	326	25	117	4	359	383	397	42	125	129	444	370	414	50	257	275	302	18	345	112	333	249	377	54	85	125	213	54	67	133	423	358	371	220	371	109	419	35	245	9	198	62	335	123	183	280	325	225	326	25	117	4	359	383	397	9	164	157	291	238	441	89	146	
