10	5	4.6945464161723	124	439	125	155	48	171	160	245	294	392	
14	7	4.98380016529086	90	325	112	333	249	377	54	85	53	445	125	213	29	343	
24	12	5.07976282525054	62	335	123	183	280	325	225	326	25	117	54	67	189	279	6	50	293	396	287	299	25	158	13	233	
46	23	5.65688218250246	46	77	172	441	123	183	197	358	183	216	170	435	109	254	46	77	172	441	123	183	197	358	370	430	170	435	54	67	133	423	197	358	358	371	189	279	293	396	192	246	114	298	199	232	98	406	
80	40	5.80386359819938	54	67	133	423	358	371	220	371	109	419	193	374	35	245	9	198	353	410	62	335	123	183	280	325	225	326	25	117	4	359	162	420	124	439	48	171	241	320	52	147	29	436	123	183	10	357	241	320	380	412	90	325	112	333	54	67	133	423	102	426	351	439	91	240	160	166	130	334	265	284	170	258	199	353	65	163	33	411	219	305	
26	13	5.14921437713433	280	325	225	326	54	220	169	323	16	279	116	120	126	387	90	325	112	333	249	377	54	85	53	445	243	281	
16	8	5.05074001056305	54	67	351	439	74	119	138	197	42	169	12	375	33	70	234	425	
14	7	5.12058628673343	124	439	48	171	241	320	52	147	29	436	102	245	1	213	
62	31	5.59277183631073	46	77	172	441	123	183	197	358	183	216	170	435	109	254	46	77	172	441	123	183	197	358	370	430	170	435	54	67	133	423	197	358	358	371	189	279	6	50	293	396	192	246	114	298	199	232	54	67	351	439	91	240	74	119	138	197	42	169	12	375	33	70	
94	47	5.72311385447647	243	397	46	77	172	441	123	183	197	358	183	216	170	435	109	254	46	77	172	441	197	358	183	216	370	430	170	435	54	67	133	423	197	358	358	371	189	279	293	396	192	246	114	298	380	412	90	325	162	420	124	439	441	444	380	412	162	420	124	439	125	155	241	320	248	423	62	335	123	183	280	325	225	326	25	117	54	67	133	423	197	358	358	371	189	279	6	50	293	396	89	305	25	350	
28	14	5.70064965197584	65	259	280	325	225	326	74	188	128	338	46	77	172	441	370	430	170	435	278	372	6	364	160	340	170	235	380	443	
28	14	5.37672924309809	162	420	124	439	48	171	241	320	52	147	29	436	102	245	126	387	90	325	112	333	249	377	54	85	53	445	125	213	
30	15	5.51211071878413	54	67	133	423	358	371	220	371	109	419	193	374	35	245	9	198	62	335	123	183	280	325	225	326	25	117	4	359	383	397	
80	40	5.46759024597929	54	67	351	439	91	240	74	119	152	233	138	197	42	169	12	375	133	423	358	371	220	371	109	419	193	374	35	245	9	198	353	410	62	335	123	183	280	325	225	326	25	117	173	209	62	335	123	183	280	325	225	326	25	117	54	67	133	423	197	358	358	371	189	279	6	50	293	396	62	335	280	325	225	326	25	117	437	446	10	151	
2	1	2.86668397843175	223	280	
12	6	4.46736505451571	280	325	225	326	54	220	169	323	16	279	116	120	
108	54	5.67067590403922	46	77	172	441	123	183	197	358	183	216	170	435	109	254	46	77	172	441	123	183	197	358	370	430	170	435	54	67	133	423	197	358	358	371	189	279	6	50	293	396	192	246	114	298	199	232	54	67	351	439	91	240	74	119	138	197	42	169	12	375	33	70	46	77	172	441	123	183	197	358	183	216	170	435	109	254	46	77	123	183	197	358	370	430	170	435	54	67	133	423	197	358	358	371	189	279	293	396	192	246	114	298	199	232	98	406	157	235	
64	32	5.53683656756887	133	423	358	371	220	371	109	419	193	374	35	245	9	198	353	410	62	335	123	183	280	325	225	326	25	117	173	209	62	335	123	183	280	325	225	326	25	117	54	67	133	423	197	358	358	371	189	279	6	50	62	335	280	325	225	326	25	117	437	446	173	275	332	362	
8	4	4.62709862693406	90	325	162	420	251	255	65	242	
12	6	4.70252234365699	162	420	48	171	160	245	42	380	106	405	125	436	
38	19	5.34266255351841	90	325	112	333	249	377	54	85	53	445	125	213	29	343	62	335	123	183	280	325	225	326	25	117	54	67	189	279	6	50	293	396	287	299	25	158	13	233	
46	23	5.72257010282512	54	67	133	423	358	371	220	371	109	419	193	374	35	245	9	198	62	335	123	183	280	325	225	326	25	117	4	359	383	397	54	67	351	439	74	119	138	197	42	169	12	375	33	70	234	425	
38	19	5.35563560868034	162	420	124	439	48	171	241	320	52	147	29	436	102	245	126	387	90	325	112	333	249	377	54	85	53	445	125	213	124	439	125	155	48	171	160	245	294	392	
30	15	5.70084211632772	65	259	280	325	225	326	74	188	128	338	46	77	172	441	370	430	170	435	278	372	6	364	160	340	170	235	380	443	223	280	
