2	1	3.90132105364369	172	441	
8	4	4.76573866020978	58	325	186	223	156	311	54	112	
2	1	2.32920066626836	74	110	
8	4	4.58951075829241	89	372	74	140	14	343	277	431	
10	5	4.62958632842115	54	67	133	423	197	358	358	371	189	279	
8	4	5.11255197238628	81	99	220	371	109	419	62	335	
16	8	4.8209955666363	54	67	133	423	102	426	166	345	351	439	91	240	278	310	160	166	
8	4	4.74307658811056	313	390	81	99	220	371	29	347	
2	1	2.63626653294794	57	139	
10	5	4.83066373924801	62	335	123	183	197	358	166	345	183	216	
10	5	4.18892413132507	103	172	103	172	129	362	12	325	242	245	
2	1	3.08211438912968	32	260	
2	1	3.22507309484055	126	387	
18	9	5.13345374850392	54	67	133	423	197	358	166	345	358	371	81	99	220	371	109	419	62	335	
4	2	3.59840354556952	54	67	121	354	
6	3	4.72877901862297	12	325	76	176	2	177	
2	1	2.23852153466745	49	174	
6	3	4.65854426153345	102	426	166	345	106	319	
4	2	3.89639065607114	123	183	252	431	
2	1	1.32925081056053	124	206	
14	7	4.76413233797996	54	67	121	354	54	67	133	423	197	358	358	371	189	279	
6	3	4.34758524091246	126	387	123	183	252	431	
20	10	5.03447632285754	32	260	54	67	133	423	197	358	166	345	358	371	81	99	220	371	109	419	62	335	
12	6	5.14813110869132	172	441	62	335	123	183	197	358	166	345	183	216	
