2	1	1.89621599076418	103	172	
2	1	4.71971604223204	166	233	
2	1	2.70035920314532	265	417	
2	1	1.28550658173167	306	354	
4	2	4.13646721072331	265	417	12	325	
2	1	2.6906161841508	37	309	
2	1	2.63426772597	247	310	
2	1	2.32138836775699	296	299	
2	1	2.47871705093526	160	223	
2	1	3.55015760659991	36	422	
2	1	2.29321605339886	206	295	
4	2	4.23686054427838	313	390	186	288	
2	1	2.22217855578462	54	67	
2	1	3.12367675807337	162	272	
2	1	2.76937990386023	297	368	
2	1	2.7025394682191	244	308	
4	2	4.52390751745558	102	426	109	137	
2	1	1.20431443873469	317	351	
2	1	3.80832119122679	129	341	
2	1	1.95200125884614	351	439	
6	3	4.83779161059374	102	426	109	137	129	341	
4	2	2.55981996505237	160	223	306	354	
4	2	2.96949163896743	54	67	103	172	
4	2	2.18536362332826	317	351	351	439	
