30	15	5.51295115985561	54	67	133	423	358	371	220	371	109	419	193	374	35	245	62	335	280	325	225	326	25	117	4	359	383	397	101	253	42	125	
28	14	5.19953630369809	162	420	48	171	241	320	52	147	126	387	90	325	112	333	249	377	54	85	53	445	125	213	118	390	47	243	48	71	
34	17	5.34297475687785	124	439	125	155	160	245	294	392	123	183	280	325	225	326	54	67	189	279	6	50	293	396	287	299	25	158	13	233	22	321	210	369	29	204	
16	8	5.51511336098409	54	67	351	439	138	197	42	169	12	375	33	70	234	425	59	315	
62	31	5.62741588573612	46	77	172	441	123	183	197	358	183	216	170	435	109	254	172	441	123	183	197	358	370	430	54	67	133	423	197	358	358	371	189	279	6	50	293	396	192	246	114	298	199	232	54	67	351	439	91	240	74	119	138	197	42	169	12	375	33	70	183	380	99	419	
44	22	5.6607012091011	90	325	112	333	249	377	54	85	125	213	29	343	254	393	54	67	133	423	358	371	220	371	109	419	193	374	35	245	9	198	62	335	123	183	280	325	225	326	25	117	4	359	383	397	
58	29	5.79469099830928	280	325	225	326	54	220	169	323	16	279	116	120	54	67	133	423	358	371	220	371	193	374	35	245	9	198	123	183	280	325	225	326	25	117	4	359	383	397	54	67	351	439	74	119	42	169	12	375	33	70	234	425	71	377	62	345	225	446	
26	13	5.09492085389178	280	325	225	326	54	220	169	323	16	279	116	120	90	325	112	333	249	377	54	85	53	445	23	128	204	306	
38	19	5.50004548563437	162	420	124	439	48	171	241	320	52	147	29	436	102	245	126	387	90	325	112	333	54	85	53	445	125	213	125	155	48	171	294	392	99	189	230	274	92	128	
46	23	5.70006276175685	54	67	133	423	358	371	220	371	193	374	35	245	9	198	123	183	225	326	25	117	4	359	383	397	54	67	351	439	74	119	138	197	42	169	12	375	33	70	234	425	71	377	185	202	91	414	
108	54	5.656889017572	46	77	172	441	123	183	197	358	183	216	170	435	109	254	46	77	172	441	123	183	197	358	370	430	170	435	54	67	133	423	197	358	358	371	189	279	6	50	293	396	192	246	114	298	199	232	54	67	351	439	91	240	74	119	138	197	42	169	12	375	33	70	46	77	172	441	123	183	197	358	183	216	170	435	109	254	46	77	123	183	197	358	370	430	170	435	54	67	133	423	197	358	358	371	189	279	293	396	192	246	114	298	199	232	98	406	157	235	
10	5	4.72454248797777	124	439	125	155	160	245	294	392	20	207	
24	12	5.00751474401355	123	183	280	325	225	326	25	117	189	279	6	50	293	396	287	299	25	158	13	233	22	321	148	401	
58	29	5.60960223852347	90	325	112	333	249	377	54	85	125	213	29	343	254	393	90	325	249	377	54	85	125	213	29	343	254	393	54	67	133	423	358	371	220	371	109	419	193	374	35	245	9	198	123	183	280	325	225	326	25	117	4	359	383	397	267	303	159	243	
36	18	5.33491207984923	280	325	225	326	54	220	169	323	16	279	116	120	126	387	90	325	112	333	249	377	54	85	53	445	23	128	124	439	125	155	160	245	294	392	388	399	
82	41	5.79458927481224	123	183	280	325	225	326	25	117	54	67	189	279	6	50	293	396	287	299	25	158	13	233	22	321	280	325	225	326	54	220	169	323	16	279	116	120	54	67	133	423	358	371	220	371	193	374	35	245	9	198	123	183	280	325	225	326	25	117	4	359	383	397	54	67	351	439	74	119	42	169	12	375	33	70	234	425	71	377	62	345	225	446	
68	34	5.76324730855264	54	67	133	423	358	371	220	371	109	419	193	374	35	245	62	335	280	325	225	326	25	117	4	359	383	397	101	253	42	125	162	420	124	439	48	171	241	320	52	147	29	436	102	245	126	387	90	325	112	333	54	85	53	445	125	213	125	155	48	171	160	245	294	392	99	189	230	274	
38	19	5.34619459702143	90	325	112	333	249	377	54	85	53	445	125	213	62	335	123	183	280	325	225	326	25	117	54	67	189	279	6	50	293	396	287	299	25	158	13	233	81	216	
48	24	5.39894902785307	112	333	249	377	54	85	125	213	29	343	254	393	188	209	124	439	125	155	294	392	123	183	280	325	225	326	54	67	189	279	6	50	293	396	287	299	25	158	13	233	22	321	210	369	29	204	369	406	
54	27	5.40857371722347	124	439	48	171	241	320	52	147	29	436	126	387	90	325	112	333	249	377	54	85	53	445	125	213	118	390	280	325	225	326	54	220	169	323	16	279	116	120	126	387	112	333	249	377	54	85	53	445	23	128	187	384	106	369	
74	37	5.53119059195005	112	333	249	377	54	85	125	213	29	343	254	393	188	209	124	439	125	155	294	392	123	183	280	325	225	326	54	67	189	279	6	50	293	396	287	299	25	158	13	233	22	321	210	369	29	204	369	406	280	325	225	326	54	220	169	323	16	279	116	120	90	325	112	333	249	377	54	85	53	445	23	128	204	306	
144	72	5.87232523756351	46	77	172	441	123	183	197	358	183	216	170	435	109	254	172	441	123	183	197	358	370	430	54	67	133	423	197	358	358	371	189	279	6	50	293	396	192	246	114	298	199	232	54	67	351	439	91	240	74	119	138	197	42	169	12	375	33	70	183	380	99	419	123	183	280	325	225	326	25	117	54	67	189	279	6	50	293	396	287	299	25	158	13	233	22	321	280	325	225	326	54	220	169	323	16	279	116	120	54	67	133	423	358	371	220	371	193	374	35	245	9	198	123	183	280	325	225	326	25	117	4	359	383	397	54	67	351	439	74	119	42	169	12	375	33	70	234	425	71	377	62	345	225	446	
90	45	5.79206342872571	54	67	133	423	358	371	220	371	193	374	35	245	9	198	123	183	225	326	25	117	4	359	383	397	54	67	351	439	74	119	138	197	42	169	12	375	33	70	234	425	71	377	185	202	91	414	90	325	112	333	249	377	54	85	125	213	29	343	254	393	54	67	133	423	358	371	220	371	109	419	193	374	35	245	9	198	62	335	123	183	280	325	225	326	25	117	4	359	383	397	
126	63	5.80435353567391	54	67	133	423	358	371	220	371	109	419	193	374	35	245	62	335	280	325	225	326	25	117	4	359	383	397	101	253	42	125	162	420	124	439	48	171	241	320	52	147	29	436	102	245	126	387	90	325	112	333	54	85	53	445	125	213	125	155	48	171	160	245	294	392	99	189	230	274	90	325	112	333	249	377	54	85	125	213	29	343	254	393	90	325	249	377	54	85	125	213	29	343	254	393	54	67	133	423	358	371	220	371	109	419	193	374	35	245	9	198	123	183	280	325	225	326	25	117	4	359	383	397	267	303	159	243	
