10	5	4.95933749098486	62	335	123	183	183	216	280	325	225	326	
10	5	4.62681119540654	89	372	74	140	14	343	277	431	74	110	
6	3	4.28716289459481	76	176	2	177	74	164	
18	9	5.05602493228271	54	67	133	423	197	358	166	345	358	371	220	371	109	419	67	399	28	125	
14	7	5.2771290651805	91	367	62	335	123	183	280	325	32	260	36	105	76	138	
6	3	4.69265921885888	126	387	123	183	10	357	
4	2	3.72258536643213	54	67	46	77	
22	11	5.11924877958531	76	176	2	177	354	445	54	67	133	423	102	426	351	439	91	240	160	166	74	119	130	334	
24	12	5.29645843467083	54	67	133	423	197	358	166	345	358	371	220	371	109	419	62	335	67	399	126	387	123	183	10	357	
14	7	4.89253719600929	54	67	133	423	197	358	358	371	189	279	6	50	293	396	
30	15	5.45442142746303	46	77	172	441	62	335	123	183	197	358	183	216	370	430	170	435	54	67	133	423	197	358	358	371	189	279	6	50	293	396	
16	8	5.15249438626984	46	77	172	441	123	183	197	358	183	216	370	430	170	435	109	254	
2	1	4.56688169891924	91	367	
2	1	3.51393288525427	21	324	
4	2	2.65052788065937	252	431	353	433	
4	2	4.07476262628105	241	320	380	412	
2	1	2.8826764108461	138	445	
16	8	4.92355049948913	54	67	102	426	166	345	351	439	91	240	160	166	74	119	152	233	
2	1	2.49109656606388	193	374	
8	4	4.72731426095526	313	390	81	99	29	347	247	342	
20	10	5.0132894957091	54	67	133	423	197	358	166	345	358	371	220	371	109	419	67	399	28	125	193	374	
46	23	5.4911600622844	46	77	172	441	123	183	197	358	183	216	370	430	170	435	109	254	46	77	172	441	62	335	123	183	197	358	183	216	370	430	170	435	54	67	133	423	197	358	358	371	189	279	6	50	293	396	
8	4	4.59437475233662	54	67	46	77	241	320	380	412	
18	9	5.27790226332973	91	367	62	335	123	183	280	325	32	260	36	105	76	138	252	431	353	433	
