2	1	3.18910491285858	116	261	
6	3	4.55483782654232	12	325	36	422	76	176	
2	1	2.3470044345035	121	176	
4	2	4.31113847347265	313	390	218	243	
4	2	4.64074052911363	81	99	220	371	
2	1	3.01690576315072	28	341	
2	1	3.2696057998444	135	188	
4	2	4.1144749378024	54	67	133	423	
2	1	2.32408997203357	206	295	
6	3	4.54601422020923	351	439	64	125	91	240	
6	3	4.51513520882016	102	426	197	358	166	345	
4	2	3.32742464579069	247	310	171	204	
2	1	2.65220230111744	247	310	
8	4	5.28028960792476	265	417	201	427	126	229	58	325	
2	1	3.22023279764646	274	307	
2	1	3.59460917917675	220	371	
4	2	4.85939160147147	12	325	52	152	
2	1	2.63871010333523	57	139	
6	3	3.11378243415039	103	172	103	172	129	362	
4	2	4.90584632138348	109	419	62	335	
8	4	4.49695810044376	12	325	36	422	76	176	247	310	
10	5	4.84302602887548	103	172	103	172	129	362	12	325	52	152	
8	4	5.09196997693018	81	99	220	371	109	419	62	335	
10	5	4.74380864394277	54	67	133	423	102	426	197	358	166	345	
