4	2	4.5375644423324	102	426	109	137	
4	2	3.94074781805917	351	439	34	389	
6	3	4.94548363280065	102	426	109	137	201	427	
2	1	2.32456978318162	206	295	
2	1	3.76909260428498	81	99	
2	1	3.99132722928031	109	419	
4	2	2.97273326211482	54	67	103	172	
2	1	2.50088239428902	169	181	
2	1	2.30620565361778	296	299	
2	1	2.70283759470913	265	417	
2	1	3.53894159933567	36	422	
2	1	3.02843344639145	64	125	
2	1	2.63014366211227	247	310	
2	1	2.78527426648967	33	139	
4	2	2.56431291580668	160	223	306	354	
4	2	4.57169971412347	313	390	138	294	
2	1	1.89546691385661	103	172	
2	1	2.63087530380424	57	139	
2	1	3.02037239653836	28	341	
4	2	4.13866385684206	265	417	12	325	
8	4	5.11604313092545	265	417	102	426	109	137	201	427	
6	3	2.96898842973488	54	67	103	172	103	172	
6	3	4.19060251397792	351	439	34	389	64	125	
4	2	4.30302097538891	169	181	109	419	
