36	18	5.42211590884883	280	325	225	326	54	220	169	323	116	120	126	387	90	325	112	333	249	377	54	85	53	445	23	128	124	439	125	155	160	245	294	392	388	399	275	386	
38	19	5.50247110151189	162	420	124	439	48	171	241	320	52	147	29	436	102	245	126	387	90	325	112	333	54	85	53	445	125	213	125	155	48	171	294	392	99	189	230	274	92	128	
16	8	5.58705827271198	54	67	351	439	138	197	42	169	33	70	234	425	59	315	110	331	
58	29	5.58512519651946	90	325	112	333	249	377	54	85	125	213	29	343	254	393	249	377	54	85	125	213	29	343	254	393	54	67	133	423	358	371	220	371	109	419	193	374	35	245	9	198	123	183	280	325	225	326	25	117	4	359	383	397	267	303	159	243	327	440	
26	13	5.12449488586485	280	325	225	326	54	220	16	279	116	120	90	325	112	333	249	377	54	85	53	445	23	128	204	306	262	274	
48	24	5.39864620524981	112	333	249	377	54	85	125	213	29	343	254	393	188	209	124	439	294	392	123	183	280	325	225	326	54	67	189	279	6	50	293	396	287	299	25	158	13	233	22	321	210	369	29	204	369	406	68	223	
90	45	5.78481723998934	54	67	133	423	358	371	220	371	193	374	35	245	9	198	123	183	225	326	25	117	4	359	383	397	54	67	351	439	74	119	138	197	42	169	12	375	33	70	234	425	71	377	185	202	91	414	90	325	112	333	249	377	54	85	125	213	29	343	254	393	54	67	133	423	358	371	220	371	109	419	193	374	35	245	9	198	62	335	123	183	280	325	225	326	25	117	4	359	383	397	
30	15	5.51888797022168	54	67	133	423	358	371	220	371	109	419	193	374	35	245	62	335	225	326	25	117	4	359	383	397	101	253	42	125	3	139	
24	12	5.04984170149847	123	183	280	325	225	326	25	117	189	279	6	50	293	396	287	299	25	158	13	233	22	321	148	401	
46	23	5.69914862475109	54	67	133	423	358	371	220	371	193	374	35	245	9	198	123	183	225	326	25	117	4	359	383	397	54	67	351	439	74	119	138	197	42	169	12	375	33	70	234	425	71	377	185	202	91	414	
68	34	5.77457267582686	54	67	133	423	358	371	220	371	109	419	193	374	35	245	62	335	280	325	225	326	25	117	4	359	383	397	101	253	42	125	162	420	124	439	48	171	241	320	52	147	29	436	102	245	126	387	90	325	112	333	54	85	53	445	125	213	125	155	48	171	160	245	294	392	99	189	230	274	
74	37	5.50837593058739	112	333	249	377	54	85	125	213	29	343	254	393	188	209	124	439	125	155	294	392	123	183	280	325	225	326	54	67	189	279	6	50	293	396	287	299	25	158	13	233	22	321	29	204	369	406	280	325	225	326	54	220	169	323	16	279	116	120	90	325	112	333	249	377	54	85	53	445	23	128	204	306	54	79	
54	27	5.34592888216981	124	439	48	171	241	320	52	147	29	436	126	387	90	325	112	333	249	377	54	85	53	445	125	213	118	390	280	325	225	326	54	220	169	323	16	279	116	120	126	387	112	333	249	377	54	85	53	445	23	128	187	384	106	369	
126	63	5.80768384836345	54	67	133	423	358	371	220	371	109	419	193	374	35	245	62	335	280	325	225	326	25	117	4	359	383	397	101	253	42	125	162	420	124	439	48	171	241	320	52	147	29	436	102	245	126	387	90	325	112	333	54	85	53	445	125	213	125	155	48	171	160	245	294	392	99	189	230	274	90	325	112	333	249	377	54	85	125	213	29	343	254	393	90	325	249	377	54	85	125	213	29	343	254	393	54	67	133	423	358	371	220	371	109	419	193	374	35	245	9	198	123	183	280	325	225	326	25	117	4	359	383	397	267	303	159	243	
82	41	5.79577861255535	123	183	280	325	225	326	25	117	54	67	189	279	6	50	293	396	287	299	25	158	13	233	22	321	280	325	225	326	54	220	169	323	16	279	116	120	54	67	133	423	358	371	220	371	193	374	35	245	9	198	123	183	280	325	225	326	25	117	4	359	383	397	54	67	351	439	74	119	42	169	12	375	33	70	234	425	71	377	62	345	225	446	
38	19	5.42046931744409	90	325	249	377	54	85	53	445	125	213	62	335	123	183	280	325	225	326	25	117	54	67	189	279	6	50	293	396	287	299	25	158	13	233	81	216	48	391	
34	17	5.40674532066228	125	155	160	245	294	392	123	183	280	325	225	326	54	67	189	279	6	50	293	396	287	299	25	158	13	233	22	321	210	369	29	204	230	421	
10	5	4.96127103720529	124	439	125	155	160	245	294	392	193	230	
108	54	5.64138718525064	46	77	172	441	123	183	197	358	183	216	170	435	109	254	46	77	172	441	123	183	197	358	370	430	170	435	54	67	133	423	197	358	358	371	189	279	6	50	293	396	192	246	114	298	199	232	54	67	351	439	91	240	74	119	138	197	42	169	12	375	33	70	46	77	172	441	123	183	197	358	183	216	170	435	109	254	46	77	123	183	197	358	370	430	170	435	54	67	133	423	197	358	358	371	189	279	293	396	192	246	114	298	199	232	98	406	157	235	
44	22	5.66056089508567	90	325	112	333	249	377	54	85	125	213	29	343	254	393	54	67	133	423	358	371	220	371	109	419	193	374	35	245	9	198	62	335	123	183	280	325	225	326	25	117	4	359	383	397	
98	49	5.73232389364441	124	439	48	171	241	320	52	147	29	436	126	387	90	325	112	333	249	377	54	85	53	445	125	213	118	390	280	325	225	326	54	220	169	323	16	279	116	120	126	387	112	333	249	377	54	85	53	445	23	128	187	384	106	369	90	325	112	333	249	377	54	85	125	213	29	343	254	393	54	67	133	423	358	371	220	371	109	419	193	374	35	245	9	198	62	335	123	183	280	325	225	326	25	117	4	359	383	397	
110	55	5.5740690811166	280	325	225	326	54	220	169	323	116	120	126	387	90	325	112	333	249	377	54	85	53	445	23	128	124	439	125	155	160	245	294	392	388	399	275	386	112	333	249	377	54	85	125	213	29	343	254	393	188	209	124	439	125	155	294	392	123	183	280	325	225	326	54	67	189	279	6	50	293	396	287	299	25	158	13	233	22	321	29	204	369	406	280	325	225	326	54	220	169	323	16	279	116	120	90	325	112	333	249	377	54	85	53	445	23	128	204	306	54	79	
62	31	5.76193054566437	54	67	133	423	358	371	220	371	193	374	35	245	9	198	123	183	225	326	25	117	4	359	383	397	54	67	351	439	74	119	138	197	42	169	12	375	33	70	234	425	71	377	185	202	91	414	54	67	351	439	138	197	42	169	33	70	234	425	59	315	110	331	
146	73	5.79542980015942	162	420	124	439	48	171	241	320	52	147	29	436	102	245	126	387	90	325	112	333	54	85	53	445	125	213	125	155	48	171	294	392	99	189	230	274	92	128	46	77	172	441	123	183	197	358	183	216	170	435	109	254	46	77	172	441	123	183	197	358	370	430	170	435	54	67	133	423	197	358	358	371	189	279	6	50	293	396	192	246	114	298	199	232	54	67	351	439	91	240	74	119	138	197	42	169	12	375	33	70	46	77	172	441	123	183	197	358	183	216	170	435	109	254	46	77	123	183	197	358	370	430	170	435	54	67	133	423	197	358	358	371	189	279	293	396	192	246	114	298	199	232	98	406	157	235	
