12	6	4.83836616304466	162	420	124	439	125	155	48	171	160	245	42	380	
8	4	4.49260815034428	90	325	162	420	251	255	65	242	
14	7	4.91256996677695	380	412	162	420	124	439	48	171	241	320	52	147	29	436	
80	40	5.44437069650812	54	67	351	439	91	240	74	119	152	233	138	197	42	169	12	375	133	423	358	371	220	371	109	419	193	374	35	245	9	198	353	410	62	335	123	183	280	325	225	326	25	117	173	209	62	335	123	183	280	325	225	326	25	117	54	67	133	423	197	358	358	371	189	279	6	50	293	396	62	335	123	183	280	325	225	326	25	117	437	446	
12	6	4.36612306794493	280	325	225	326	54	220	169	323	16	279	116	120	
2	1	2.95722037814494	243	397	
38	19	5.65110603998403	90	325	162	420	124	439	251	255	54	67	133	423	358	371	220	371	109	419	193	374	35	245	9	198	353	410	62	335	123	183	280	325	225	326	25	117	4	359	
54	27	5.66129059438549	46	77	172	441	123	183	197	358	183	216	170	435	109	254	46	77	172	441	197	358	183	216	370	430	54	67	133	423	197	358	358	371	189	279	6	50	293	396	192	246	114	298	380	412	90	325	162	420	124	439	441	444	70	364	
16	8	4.7699171330656	54	67	351	439	91	240	74	119	138	197	42	169	12	375	33	70	
46	23	5.40118341799901	46	77	172	441	123	183	197	358	183	216	170	435	109	254	46	77	172	441	123	183	197	358	183	216	370	430	170	435	54	67	133	423	197	358	358	371	189	279	6	50	293	396	192	246	114	298	
28	14	5.32301499571745	65	259	280	325	225	326	74	188	128	338	54	220	46	77	172	441	370	430	170	435	319	383	278	372	6	364	129	269	
14	7	4.92626813071756	126	387	123	183	90	325	112	333	101	164	249	377	54	85	
24	12	5.14662512968851	62	335	123	183	280	325	225	326	25	117	54	67	197	358	358	371	189	279	6	50	293	396	287	299	
30	15	5.50243954565011	54	67	133	423	358	371	220	371	109	419	193	374	35	245	9	198	353	410	62	335	123	183	280	325	225	326	25	117	4	359	
10	5	4.7497155115296	124	439	125	155	48	171	160	245	294	392	
38	19	5.64081641529849	133	423	197	358	166	345	220	371	193	374	35	245	9	198	46	77	172	441	197	358	370	430	319	383	51	233	254	440	164	217	87	376	41	171	56	193	143	158	
50	25	5.29405285765341	54	67	351	439	91	240	74	119	152	233	56	81	138	197	42	169	62	335	123	183	280	325	225	326	25	117	54	67	133	423	358	371	189	279	6	50	293	396	62	335	123	183	280	325	225	326	25	117	179	352	
50	25	5.55262700230297	380	412	162	420	124	439	48	171	241	320	52	147	29	436	123	183	10	357	241	320	380	412	90	325	112	333	54	67	133	423	102	426	351	439	91	240	160	166	130	334	265	284	170	258	199	353	65	163	33	411	
64	32	5.40518513951333	133	423	358	371	220	371	109	419	193	374	35	245	9	198	353	410	62	335	123	183	280	325	225	326	25	117	173	209	62	335	123	183	280	325	225	326	25	117	54	67	133	423	197	358	358	371	189	279	6	50	293	396	62	335	123	183	280	325	225	326	25	117	437	446	
92	46	5.68768438141991	46	77	172	441	123	183	197	358	183	216	170	435	109	254	46	77	172	441	197	358	183	216	370	430	170	435	54	67	133	423	197	358	358	371	189	279	293	396	192	246	114	298	380	412	90	325	162	420	124	439	441	444	380	412	162	420	124	439	125	155	48	171	241	320	248	423	62	335	123	183	280	325	225	326	25	117	54	67	133	423	197	358	358	371	189	279	6	50	293	396	197	407	
36	18	5.42076012477656	90	325	162	420	251	255	65	242	65	259	280	325	225	326	74	188	128	338	54	220	46	77	172	441	370	430	170	435	319	383	278	372	6	364	129	269	
44	22	5.61788252069169	54	67	133	423	358	371	220	371	109	419	193	374	35	245	9	198	353	410	62	335	123	183	280	325	225	326	25	117	4	359	380	412	162	420	124	439	48	171	241	320	52	147	29	436	
94	47	5.66508679559396	243	397	46	77	172	441	123	183	197	358	183	216	170	435	109	254	46	77	172	441	197	358	183	216	370	430	170	435	54	67	133	423	197	358	358	371	189	279	293	396	192	246	114	298	380	412	90	325	162	420	124	439	441	444	380	412	162	420	124	439	125	155	48	171	241	320	248	423	62	335	123	183	280	325	225	326	25	117	54	67	133	423	197	358	358	371	189	279	6	50	293	396	197	407	
118	59	5.71903279614051	46	77	172	441	123	183	197	358	183	216	170	435	109	254	46	77	172	441	197	358	183	216	370	430	54	67	133	423	197	358	358	371	189	279	6	50	293	396	192	246	114	298	380	412	90	325	162	420	124	439	441	444	70	364	133	423	358	371	220	371	109	419	193	374	35	245	9	198	353	410	62	335	123	183	280	325	225	326	25	117	173	209	62	335	123	183	280	325	225	326	25	117	54	67	133	423	197	358	358	371	189	279	6	50	293	396	62	335	123	183	280	325	225	326	25	117	437	446	
