10	5	4.6878053557562	89	372	74	140	14	343	74	110	36	148	
6	3	4.24706293474447	76	176	2	177	74	164	
22	11	5.27541477704273	2	177	54	67	133	423	102	426	351	439	91	240	160	166	74	119	130	334	265	284	170	258	
16	8	4.84889155499719	54	67	102	426	351	439	91	240	160	166	74	119	152	233	56	81	
24	12	5.22916121096652	54	67	133	423	166	345	358	371	109	419	62	335	67	399	126	387	123	183	10	357	19	154	279	430	
28	14	5.43380581366776	91	367	62	335	123	183	280	325	32	260	36	105	76	138	252	431	353	433	89	372	74	140	14	343	277	431	74	110	
4	2	4.23394794682997	241	320	380	412	
2	1	3.50131401334424	21	324	
14	7	4.9177483890267	54	67	133	423	197	358	358	371	189	279	6	50	293	396	
30	15	5.44574576143411	46	77	172	441	62	335	123	183	197	358	183	216	370	430	170	435	54	67	133	423	197	358	358	371	189	279	6	50	293	396	
2	1	4.01143174216788	65	259	
16	8	4.8831703632956	21	324	54	67	197	358	358	371	189	279	6	50	293	396	375	384	
10	5	5.02445083671093	62	335	123	183	280	325	225	326	74	188	
6	3	4.69805215017753	126	387	123	183	10	357	
20	10	5.13423198317592	54	67	133	423	197	358	166	345	358	371	220	371	109	419	67	399	193	374	35	245	
18	9	5.03788856689401	91	367	123	183	280	325	32	260	36	105	76	138	252	431	353	433	143	193	
46	23	5.40498815689913	46	77	172	441	123	183	197	358	183	216	370	430	170	435	109	254	46	77	172	441	123	183	197	358	183	216	370	430	170	435	54	67	133	423	197	358	358	371	189	279	6	50	293	396	192	246	
2	1	3.60750838516033	210	327	
8	4	4.74035745848072	241	320	380	412	370	431	90	325	
16	8	5.39066601207547	46	77	172	441	197	358	183	216	370	430	170	435	319	383	51	233	
32	16	5.56744226160193	46	77	172	441	197	358	183	216	370	430	170	435	319	383	51	233	21	324	54	67	197	358	358	371	189	279	6	50	293	396	375	384	
24	12	5.16250413387561	89	372	74	140	14	343	74	110	36	148	54	67	133	423	197	358	358	371	189	279	6	50	293	396	
24	12	5.14446551956228	54	67	102	426	351	439	91	240	160	166	74	119	152	233	56	81	241	320	380	412	370	431	90	325	
12	6	5.00383427471464	65	259	62	335	123	183	280	325	225	326	74	188	
