2	1	3.50069350522249	21	324	
8	4	4.72038688595334	313	390	81	99	29	347	247	342	
2	1	2.56113010665361	45	104	
4	2	3.85096209379585	249	319	241	320	
2	1	3.90291944574792	172	441	
6	3	4.73236027093398	126	387	123	183	10	357	
2	1	3.8679847100169	205	345	
20	10	5.07677395808191	32	260	54	67	133	423	197	358	166	345	358	371	81	99	220	371	109	419	62	335	
10	5	5.0039771631886	62	335	123	183	166	345	183	216	280	325	
4	2	3.7135733845711	54	67	46	77	
14	7	4.87732796828155	54	67	133	423	197	358	358	371	189	279	6	50	293	396	
8	4	4.60035125284399	89	372	74	140	14	343	277	431	
12	6	4.95292325995187	62	335	123	183	183	216	280	325	32	260	36	105	
18	9	5.10398966710081	54	67	133	423	197	358	166	345	358	371	220	371	109	419	62	335	67	399	
4	2	2.65373588124891	252	431	353	433	
16	8	5.43003957303158	46	77	172	441	62	335	123	183	197	358	183	216	370	430	170	435	
2	1	4.57166836894168	91	367	
16	8	4.87836875794735	54	67	133	423	102	426	166	345	351	439	91	240	160	166	74	119	
10	5	4.62551411986413	89	372	74	140	14	343	277	431	74	110	
6	3	4.52675849471188	76	176	2	177	354	445	
22	11	5.13891347360154	76	176	2	177	354	445	54	67	133	423	102	426	166	345	351	439	91	240	160	166	74	119	
14	7	5.27672027053833	91	367	62	335	123	183	183	216	280	325	32	260	36	105	
30	15	5.49966095826848	46	77	172	441	62	335	123	183	197	358	183	216	370	430	170	435	54	67	133	423	197	358	358	371	189	279	6	50	293	396	
24	12	5.34559039803852	54	67	133	423	197	358	166	345	358	371	220	371	109	419	62	335	67	399	126	387	123	183	10	357	
