2	1	2.31386121219401	74	110	
2	1	2.56190735386695	45	104	
8	4	4.70321060997686	313	390	81	99	29	347	247	342	
12	6	5.36192227622812	172	441	62	335	123	183	197	358	183	216	370	430	
2	1	3.08346100338553	32	260	
10	5	4.45380219020605	54	67	197	358	358	371	189	279	172	211	
20	10	5.10063292917117	32	260	54	67	133	423	197	358	166	345	358	371	81	99	220	371	109	419	62	335	
6	3	4.70118497475249	126	387	123	183	10	357	
2	1	3.8886717045022	172	441	
16	8	4.88297624731825	54	67	133	423	102	426	166	345	351	439	91	240	160	166	74	119	
18	9	5.16209316457928	54	67	133	423	197	358	166	345	358	371	81	99	220	371	109	419	62	335	
6	3	4.73523755477956	12	325	76	176	2	177	
2	1	1.33098629472006	124	206	
2	1	1.97903320631994	249	319	
10	5	5.00643425633976	62	335	123	183	166	345	183	216	280	325	
8	4	5.13704266966022	81	99	220	371	109	419	62	335	
8	4	4.64053047606272	89	372	74	140	14	343	277	431	
4	2	3.72132815743501	54	67	46	77	
4	2	3.90024697812358	123	183	252	431	
14	7	4.88950358947837	54	67	54	67	133	423	197	358	358	371	189	279	6	50	
10	5	4.61610395267005	89	372	74	140	14	343	277	431	74	110	
12	6	5.0088980903456	62	335	123	183	166	345	183	216	280	325	32	260	
4	2	3.15619822967725	45	104	249	319	
16	8	5.37433696439228	54	67	46	77	172	441	62	335	123	183	197	358	183	216	370	430	
