36	18	5.37694520331907	280	325	225	326	54	220	169	323	116	120	126	387	90	325	112	333	249	377	54	85	53	445	23	128	124	439	125	155	160	245	294	392	388	399	275	386	
30	15	5.53819962506469	54	67	133	423	358	371	220	371	109	419	35	245	62	335	225	326	25	117	4	359	383	397	101	253	42	125	3	139	129	444	
34	17	5.30292507909985	160	245	294	392	123	183	280	325	225	326	54	67	6	50	293	396	287	299	25	158	13	233	22	321	210	369	29	204	230	421	256	275	205	424	
44	22	5.77322507423808	90	325	112	333	249	377	54	85	125	213	54	67	133	423	358	371	220	371	109	419	193	374	35	245	9	198	62	335	123	183	280	325	225	326	25	117	4	359	383	397	208	234	9	164	
38	19	5.64447394864633	90	325	53	445	125	213	62	335	123	183	280	325	225	326	25	117	54	67	189	279	6	50	293	396	287	299	25	158	13	233	48	391	163	235	141	284	146	363	
46	23	5.6880339668509	54	67	133	423	358	371	220	371	193	374	35	245	9	198	123	183	25	117	4	359	383	397	54	67	351	439	74	119	138	197	42	169	12	375	33	70	234	425	71	377	185	202	91	414	254	378	
74	37	5.58560985040044	112	333	249	377	54	85	125	213	29	343	254	393	188	209	124	439	125	155	294	392	123	183	280	325	225	326	54	67	189	279	6	50	293	396	287	299	25	158	13	233	22	321	29	204	369	406	280	325	225	326	54	220	169	323	16	279	116	120	90	325	112	333	249	377	54	85	53	445	23	128	204	306	54	79	
24	12	5.05581285410355	123	183	225	326	25	117	189	279	6	50	293	396	287	299	25	158	13	233	22	321	148	401	1	325	
38	19	5.55975814420223	162	420	124	439	48	171	241	320	52	147	29	436	126	387	112	333	54	85	53	445	125	213	125	155	48	171	294	392	99	189	230	274	92	128	91	151	97	338	
16	8	5.40936536320176	54	67	351	439	138	197	42	169	33	70	234	425	110	331	40	404	
62	31	5.76696953642154	54	67	133	423	358	371	220	371	193	374	35	245	9	198	123	183	225	326	25	117	4	359	383	397	54	67	351	439	138	197	42	169	12	375	33	70	234	425	71	377	185	202	91	414	54	67	351	439	138	197	42	169	33	70	234	425	59	315	110	331	370	389	
54	27	5.46758809411819	124	439	48	171	52	147	29	436	126	387	90	325	112	333	249	377	54	85	53	445	125	213	118	390	280	325	225	326	54	220	169	323	16	279	116	120	126	387	112	333	249	377	54	85	53	445	23	128	187	384	106	369	76	326	
82	41	5.78817176778581	123	183	280	325	225	326	25	117	54	67	189	279	6	50	293	396	287	299	25	158	13	233	22	321	280	325	225	326	54	220	169	323	16	279	116	120	54	67	133	423	358	371	220	371	193	374	35	245	9	198	123	183	280	325	225	326	25	117	4	359	383	397	54	67	351	439	74	119	42	169	12	375	33	70	234	425	71	377	62	345	225	446	
10	5	4.65251464808484	160	245	294	392	193	230	9	438	249	364	
98	49	5.80445240906591	54	67	351	439	138	197	42	169	33	70	234	425	59	315	110	331	123	183	280	325	225	326	25	117	54	67	189	279	6	50	293	396	287	299	25	158	13	233	22	321	280	325	225	326	54	220	169	323	16	279	116	120	54	67	133	423	358	371	220	371	193	374	35	245	9	198	123	183	280	325	225	326	25	117	4	359	383	397	54	67	74	119	42	169	12	375	33	70	234	425	71	377	62	345	225	446	421	429	
90	45	5.78929409139126	54	67	133	423	358	371	220	371	193	374	35	245	9	198	123	183	225	326	25	117	4	359	383	397	54	67	74	119	138	197	42	169	12	375	33	70	234	425	71	377	185	202	91	414	90	325	112	333	249	377	54	85	125	213	29	343	254	393	54	67	133	423	358	371	109	419	193	374	35	245	9	198	62	335	123	183	280	325	225	326	25	117	4	359	383	397	157	253	55	83	
98	49	5.69560178827128	54	67	133	423	358	371	220	371	109	419	193	374	35	245	62	335	280	325	225	326	25	117	4	359	383	397	101	253	42	125	162	420	124	439	48	171	241	320	52	147	29	436	102	245	126	387	90	325	54	85	53	445	125	213	125	155	48	171	160	245	294	392	99	189	230	274	223	388	54	67	133	423	358	371	220	371	109	419	193	374	35	245	62	335	225	326	25	117	4	359	383	397	101	253	42	125	3	139	
68	34	5.76008523924865	54	67	133	423	358	371	220	371	109	419	193	374	35	245	62	335	280	325	225	326	25	117	4	359	383	397	101	253	42	125	162	420	124	439	48	171	241	320	52	147	29	436	102	245	126	387	90	325	54	85	53	445	125	213	125	155	48	171	160	245	294	392	99	189	230	274	223	388	
58	29	5.62293844461996	90	325	112	333	249	377	54	85	125	213	29	343	254	393	249	377	54	85	125	213	29	343	54	67	133	423	358	371	220	371	109	419	193	374	35	245	123	183	280	325	225	326	25	117	4	359	383	397	267	303	159	243	327	440	288	310	135	427	
172	86	5.83068358372201	280	325	225	326	54	220	169	323	116	120	126	387	90	325	112	333	249	377	54	85	53	445	23	128	124	439	125	155	160	245	294	392	388	399	275	386	54	67	133	423	358	371	220	371	193	374	35	245	9	198	123	183	225	326	25	117	4	359	383	397	54	67	351	439	74	119	138	197	42	169	12	375	33	70	234	425	71	377	185	202	91	414	90	325	112	333	249	377	54	85	125	213	29	343	254	393	54	67	133	423	358	371	109	419	193	374	35	245	9	198	62	335	123	183	225	326	25	117	4	359	383	397	157	253	54	67	133	423	358	371	220	371	193	374	35	245	9	198	123	183	225	326	25	117	4	359	54	67	351	439	74	119	138	197	42	169	12	375	33	70	234	425	71	377	185	202	91	414	53	128	41	245	
74	37	5.77582368272097	280	325	225	326	54	220	169	323	116	120	126	387	90	325	112	333	249	377	54	85	53	445	23	128	124	439	125	155	160	245	294	392	388	399	275	386	90	325	53	445	125	213	62	335	123	183	280	325	225	326	25	117	54	67	189	279	6	50	293	396	287	299	25	158	13	233	48	391	163	235	141	284	146	363	
98	49	5.82383732904149	124	439	48	171	52	147	29	436	126	387	90	325	112	333	249	377	54	85	53	445	125	213	118	390	280	325	225	326	54	220	169	323	16	279	116	120	126	387	112	333	249	377	54	85	53	445	23	128	187	384	106	369	76	326	90	325	112	333	249	377	54	85	125	213	54	67	133	423	358	371	220	371	109	419	193	374	35	245	9	198	62	335	123	183	280	325	225	326	25	117	4	359	383	397	208	234	9	164	
182	91	5.84526120708898	280	325	225	326	54	220	169	323	116	120	126	387	90	325	112	333	249	377	54	85	53	445	23	128	124	439	125	155	160	245	294	392	388	399	275	386	54	67	133	423	358	371	220	371	193	374	35	245	9	198	123	183	225	326	25	117	4	359	383	397	54	67	351	439	74	119	138	197	42	169	12	375	33	70	234	425	71	377	185	202	91	414	90	325	112	333	249	377	54	85	125	213	29	343	254	393	54	67	133	423	358	371	109	419	193	374	35	245	9	198	62	335	123	183	225	326	25	117	4	359	383	397	157	253	54	67	133	423	358	371	220	371	193	374	35	245	9	198	123	183	225	326	25	117	4	359	54	67	351	439	74	119	138	197	42	169	12	375	33	70	234	425	71	377	185	202	91	414	53	128	41	245	160	245	294	392	193	230	9	438	249	364	
106	53	5.77581206722169	54	67	133	423	358	371	220	371	109	419	193	374	35	245	62	335	280	325	225	326	25	117	4	359	383	397	101	253	42	125	162	420	124	439	48	171	241	320	52	147	29	436	102	245	126	387	90	325	54	85	53	445	125	213	125	155	48	171	160	245	294	392	99	189	230	274	223	388	162	420	124	439	48	171	241	320	52	147	29	436	126	387	112	333	54	85	53	445	125	213	125	155	48	171	294	392	99	189	230	274	92	128	91	151	97	338	
