28	14	5.30483797518276	65	259	280	325	225	326	74	188	128	338	54	220	46	77	172	441	370	430	170	435	319	383	278	372	6	364	129	269	
2	1	3.45046690700808	94	330	
10	5	4.723468443851	124	439	125	155	48	171	160	245	294	392	
68	34	5.66616227355147	46	77	172	441	123	183	197	358	183	216	170	435	109	254	46	77	172	441	197	358	183	216	370	430	170	435	54	67	133	423	197	358	358	371	189	279	6	50	293	396	192	246	114	298	380	412	90	325	162	420	124	439	441	444	380	412	162	420	124	439	125	155	48	171	241	320	248	423	
14	7	5.04022314160362	380	412	162	420	124	439	48	171	241	320	52	147	29	436	
8	4	4.48220572383114	90	325	162	420	251	255	65	242	
38	19	5.6454706358865	90	325	162	420	124	439	251	255	54	67	133	423	358	371	220	371	109	419	193	374	35	245	9	198	353	410	62	335	123	183	280	325	225	326	25	117	4	359	
24	12	5.12505422180292	62	335	123	183	280	325	225	326	25	117	54	67	133	423	197	358	358	371	189	279	6	50	293	396	
64	32	5.35485079000428	133	423	358	371	220	371	109	419	193	374	35	245	9	198	353	410	62	335	123	183	280	325	225	326	25	117	173	209	62	335	123	183	280	325	225	326	25	117	54	67	133	423	197	358	358	371	189	279	6	50	293	396	62	335	123	183	280	325	225	326	25	117	437	446	
16	8	4.85394794091442	54	67	351	439	91	240	74	119	152	233	138	197	42	169	12	375	
12	6	4.52944030813694	280	325	225	326	74	188	54	220	169	323	16	279	
36	18	5.55911277235433	126	387	123	183	10	357	241	320	380	412	90	325	112	333	54	67	133	423	102	426	351	439	91	240	160	166	130	334	265	284	170	258	199	353	65	163	
14	7	4.98956110454901	126	387	123	183	10	357	90	325	112	333	101	164	249	377	
36	18	5.67158342327784	54	67	197	358	166	345	220	371	109	419	193	374	9	198	46	77	172	441	197	358	370	430	170	435	319	383	51	233	278	372	254	440	60	313	221	360	
54	27	5.62839328048961	46	77	172	441	123	183	197	358	183	216	170	435	109	254	46	77	172	441	197	358	183	216	370	430	54	67	133	423	197	358	358	371	189	279	6	50	293	396	192	246	114	298	380	412	90	325	162	420	124	439	441	444	70	364	
46	23	5.43206687367332	46	77	172	441	123	183	197	358	183	216	170	435	109	254	46	77	172	441	123	183	197	358	183	216	370	430	170	435	54	67	133	423	197	358	358	371	189	279	6	50	293	396	192	246	114	298	
38	19	5.63931928719842	133	423	197	358	166	345	220	371	193	374	35	245	9	198	46	77	172	441	197	358	370	430	319	383	51	233	278	372	254	440	164	217	87	376	41	171	56	193	
50	25	5.36870559896812	54	67	351	439	91	240	74	119	152	233	56	81	138	197	42	169	62	335	123	183	280	325	225	326	25	117	54	67	133	423	197	358	358	371	189	279	6	50	293	396	62	335	123	183	280	325	225	326	25	117	
12	6	4.88945896734193	125	155	162	420	124	439	125	155	48	171	160	245	
30	15	5.50633341291593	54	67	133	423	358	371	220	371	109	419	193	374	35	245	9	198	353	410	62	335	123	183	280	325	225	326	25	117	4	359	
80	40	5.44672605639566	54	67	351	439	91	240	74	119	152	233	138	197	42	169	12	375	133	423	358	371	220	371	109	419	193	374	35	245	9	198	353	410	62	335	123	183	280	325	225	326	25	117	173	209	62	335	123	183	280	325	225	326	25	117	54	67	133	423	197	358	358	371	189	279	6	50	293	396	62	335	123	183	280	325	225	326	25	117	437	446	
92	46	5.72063039594443	46	77	172	441	123	183	197	358	183	216	170	435	109	254	46	77	172	441	197	358	183	216	370	430	170	435	54	67	133	423	197	358	358	371	189	279	6	50	293	396	192	246	114	298	380	412	90	325	162	420	124	439	441	444	380	412	162	420	124	439	125	155	48	171	241	320	248	423	62	335	123	183	280	325	225	326	25	117	54	67	133	423	197	358	358	371	189	279	6	50	293	396	
50	25	5.58783156202158	380	412	162	420	124	439	48	171	241	320	52	147	29	436	126	387	123	183	10	357	241	320	380	412	90	325	112	333	54	67	133	423	102	426	351	439	91	240	160	166	130	334	265	284	170	258	199	353	65	163	
100	50	5.62288504220218	46	77	172	441	123	183	197	358	183	216	170	435	109	254	46	77	172	441	123	183	197	358	183	216	370	430	170	435	54	67	133	423	197	358	358	371	189	279	6	50	293	396	192	246	114	298	46	77	172	441	123	183	197	358	183	216	170	435	109	254	46	77	172	441	197	358	183	216	370	430	54	67	133	423	197	358	358	371	189	279	6	50	293	396	192	246	114	298	380	412	90	325	162	420	124	439	441	444	70	364	
