74	37	5.56900770087131	112	333	249	377	54	85	125	213	29	343	254	393	188	209	124	439	125	155	294	392	123	183	280	325	225	326	54	67	189	279	6	50	293	396	287	299	25	158	13	233	22	321	29	204	369	406	280	325	225	326	54	220	169	323	16	279	116	120	90	325	112	333	249	377	54	85	53	445	23	128	204	306	54	79	
90	45	5.79280357693171	54	67	133	423	358	371	220	371	193	374	35	245	9	198	123	183	225	326	25	117	4	359	383	397	54	67	351	439	74	119	138	197	42	169	12	375	33	70	234	425	71	377	185	202	91	414	90	325	112	333	249	377	54	85	125	213	29	343	254	393	54	67	133	423	358	371	109	419	193	374	35	245	9	198	62	335	123	183	280	325	225	326	25	117	4	359	383	397	157	253	
62	31	5.75223687533599	54	67	133	423	358	371	220	371	193	374	35	245	9	198	123	183	225	326	25	117	4	359	383	397	54	67	351	439	138	197	42	169	12	375	33	70	234	425	71	377	185	202	91	414	54	67	351	439	138	197	42	169	33	70	234	425	59	315	110	331	370	389	
16	8	5.57719617259063	54	67	351	439	138	197	42	169	33	70	234	425	59	315	110	331	
98	49	5.66907109342908	124	439	48	171	241	320	52	147	29	436	126	387	90	325	112	333	249	377	54	85	53	445	125	213	118	390	280	325	225	326	54	220	169	323	16	279	116	120	126	387	112	333	249	377	54	85	53	445	23	128	187	384	106	369	90	325	112	333	249	377	54	85	125	213	29	343	254	393	54	67	133	423	358	371	220	371	109	419	193	374	35	245	9	198	62	335	280	325	225	326	25	117	4	359	383	397	64	212	
24	12	4.99320044684409	123	183	280	325	225	326	25	117	189	279	6	50	293	396	287	299	25	158	13	233	22	321	148	401	
44	22	5.79800423582954	90	325	112	333	249	377	54	85	125	213	254	393	54	67	133	423	358	371	220	371	109	419	193	374	35	245	9	198	62	335	123	183	280	325	225	326	25	117	4	359	383	397	208	234	
26	13	5.14865824331916	280	325	225	326	54	220	16	279	116	120	90	325	112	333	249	377	54	85	53	445	23	128	204	306	262	274	
54	27	5.42442529344536	124	439	48	171	52	147	29	436	126	387	90	325	112	333	249	377	54	85	53	445	125	213	118	390	280	325	225	326	54	220	169	323	16	279	116	120	126	387	112	333	249	377	54	85	53	445	23	128	187	384	106	369	175	341	
58	29	5.5850780604089	90	325	112	333	249	377	54	85	125	213	29	343	254	393	249	377	54	85	125	213	29	343	254	393	54	67	133	423	358	371	220	371	109	419	193	374	35	245	123	183	280	325	225	326	25	117	4	359	383	397	267	303	159	243	327	440	288	310	
30	15	5.52124495658277	54	67	133	423	358	371	220	371	109	419	193	374	35	245	62	335	225	326	25	117	4	359	383	397	101	253	42	125	3	139	
82	41	5.80280907545445	123	183	280	325	225	326	25	117	54	67	189	279	6	50	293	396	287	299	25	158	13	233	22	321	280	325	225	326	54	220	169	323	16	279	116	120	54	67	133	423	358	371	220	371	193	374	35	245	9	198	123	183	280	325	225	326	25	117	4	359	383	397	54	67	351	439	74	119	42	169	12	375	33	70	234	425	71	377	62	345	225	446	
46	23	5.70704387847295	54	67	133	423	358	371	220	371	193	374	35	245	9	198	123	183	225	326	25	117	4	359	383	397	54	67	351	439	74	119	138	197	42	169	12	375	33	70	234	425	71	377	185	202	91	414	
10	5	5.08993401792591	124	439	125	155	160	245	294	392	193	230	
36	18	5.39298561832188	280	325	225	326	54	220	169	323	116	120	126	387	90	325	112	333	249	377	54	85	53	445	23	128	124	439	125	155	160	245	294	392	388	399	275	386	
34	17	5.27112576008737	125	155	160	245	294	392	123	183	280	325	225	326	54	67	6	50	293	396	287	299	25	158	13	233	22	321	210	369	29	204	230	421	256	275	
38	19	5.55916818258057	90	325	249	377	54	85	53	445	125	213	62	335	123	183	280	325	225	326	25	117	54	67	189	279	6	50	293	396	287	299	25	158	13	233	48	391	163	235	
38	19	5.57110656607654	162	420	124	439	48	171	241	320	52	147	29	436	126	387	90	325	112	333	54	85	53	445	125	213	125	155	48	171	294	392	99	189	230	274	92	128	91	151	
68	34	5.77243991045111	54	67	133	423	358	371	220	371	109	419	193	374	35	245	62	335	280	325	225	326	25	117	4	359	383	397	101	253	42	125	162	420	124	439	48	171	241	320	52	147	29	436	102	245	126	387	90	325	112	333	54	85	53	445	125	213	125	155	48	171	160	245	294	392	99	189	230	274	
126	63	5.82344256535612	54	67	133	423	358	371	220	371	109	419	193	374	35	245	62	335	280	325	225	326	4	359	383	397	101	253	42	125	162	420	124	439	48	171	241	320	52	147	29	436	102	245	126	387	90	325	112	333	54	85	53	445	125	213	125	155	48	171	160	245	294	392	99	189	230	274	90	325	112	333	249	377	54	85	125	213	29	343	254	393	90	325	249	377	54	85	125	213	29	343	254	393	54	67	133	423	358	371	220	371	109	419	193	374	35	245	9	198	123	183	280	325	225	326	25	117	4	359	383	397	267	303	159	243	137	305	
136	68	5.79569924756613	54	67	133	423	358	371	220	371	193	374	35	245	9	198	123	183	225	326	25	117	4	359	383	397	54	67	351	439	74	119	138	197	42	169	12	375	33	70	234	425	71	377	185	202	91	414	90	325	112	333	249	377	54	85	125	213	29	343	254	393	54	67	133	423	358	371	109	419	193	374	35	245	9	198	62	335	123	183	280	325	225	326	25	117	4	359	383	397	157	253	54	67	133	423	358	371	220	371	193	374	35	245	9	198	123	183	225	326	25	117	4	359	383	397	54	67	351	439	74	119	138	197	42	169	12	375	33	70	234	425	71	377	185	202	91	414	
142	71	5.81691499761926	124	439	48	171	241	320	52	147	29	436	126	387	90	325	112	333	249	377	54	85	53	445	125	213	118	390	280	325	225	326	54	220	169	323	16	279	116	120	126	387	112	333	249	377	54	85	53	445	23	128	187	384	106	369	90	325	112	333	249	377	54	85	125	213	29	343	254	393	54	67	133	423	358	371	220	371	109	419	193	374	35	245	9	198	62	335	280	325	225	326	25	117	4	359	383	397	64	212	90	325	112	333	249	377	54	85	125	213	254	393	54	67	133	423	358	371	220	371	109	419	193	374	35	245	9	198	62	335	123	183	280	325	225	326	25	117	4	359	383	397	208	234	
98	49	5.80970790278074	280	325	225	326	54	220	169	323	116	120	126	387	90	325	112	333	249	377	54	85	53	445	23	128	124	439	125	155	160	245	294	392	388	399	275	386	54	67	133	423	358	371	220	371	193	374	35	245	9	198	123	183	225	326	25	117	4	359	383	397	54	67	351	439	138	197	42	169	12	375	33	70	234	425	71	377	185	202	91	414	54	67	351	439	138	197	42	169	33	70	234	425	59	315	110	331	370	389	
64	32	5.57736655877011	280	325	225	326	54	220	16	279	116	120	90	325	112	333	249	377	54	85	53	445	23	128	204	306	262	274	162	420	124	439	48	171	241	320	52	147	29	436	126	387	90	325	112	333	54	85	53	445	125	213	125	155	48	171	294	392	99	189	230	274	92	128	91	151	
