30	15	5.5124294477508	54	67	133	423	358	371	220	371	109	419	193	374	35	245	62	335	280	325	225	326	25	117	4	359	383	397	101	253	42	125	
108	54	5.64673702760007	46	77	172	441	123	183	197	358	183	216	170	435	109	254	46	77	172	441	123	183	197	358	370	430	170	435	54	67	133	423	197	358	358	371	189	279	6	50	293	396	192	246	114	298	199	232	54	67	351	439	91	240	74	119	138	197	42	169	12	375	33	70	46	77	172	441	123	183	197	358	183	216	170	435	109	254	46	77	123	183	197	358	370	430	170	435	54	67	133	423	197	358	358	371	189	279	293	396	192	246	114	298	199	232	98	406	157	235	
34	17	5.39500716436556	124	439	125	155	160	245	294	392	123	183	280	325	225	326	54	67	189	279	6	50	293	396	287	299	25	158	13	233	22	321	210	369	29	204	
38	19	5.29916437797403	90	325	112	333	249	377	54	85	53	445	125	213	62	335	123	183	280	325	225	326	25	117	54	67	189	279	6	50	293	396	287	299	25	158	13	233	81	216	
24	12	4.99602049166739	123	183	280	325	225	326	25	117	54	67	189	279	6	50	293	396	287	299	25	158	13	233	22	321	
16	8	5.01965807392394	54	67	351	439	74	119	138	197	42	169	12	375	33	70	234	425	
10	5	4.78201107083441	124	439	125	155	160	245	294	392	20	207	
58	29	5.80143507784565	280	325	225	326	54	220	169	323	16	279	116	120	54	67	133	423	358	371	220	371	193	374	35	245	9	198	123	183	280	325	225	326	25	117	4	359	383	397	54	67	351	439	74	119	42	169	12	375	33	70	234	425	71	377	62	345	225	446	
38	19	5.49305869767994	162	420	124	439	48	171	241	320	52	147	29	436	102	245	126	387	90	325	112	333	54	85	53	445	125	213	125	155	48	171	160	245	294	392	99	189	230	274	
28	14	5.31045123482903	162	420	48	171	241	320	52	147	29	436	126	387	90	325	112	333	249	377	54	85	53	445	125	213	118	390	47	243	
58	29	5.58096784764931	90	325	112	333	249	377	54	85	125	213	29	343	254	393	90	325	112	333	249	377	54	85	125	213	29	343	254	393	54	67	133	423	358	371	220	371	109	419	193	374	35	245	9	198	123	183	280	325	225	326	25	117	4	359	383	397	267	303	
54	27	5.35835618493945	124	439	48	171	241	320	52	147	29	436	126	387	90	325	112	333	249	377	54	85	53	445	125	213	118	390	280	325	225	326	54	220	169	323	16	279	116	120	126	387	90	325	112	333	249	377	54	85	53	445	23	128	187	384	
62	31	5.59766527256854	46	77	172	441	123	183	197	358	183	216	170	435	109	254	46	77	172	441	123	183	197	358	370	430	54	67	133	423	197	358	358	371	189	279	6	50	293	396	192	246	114	298	199	232	54	67	351	439	91	240	74	119	138	197	42	169	12	375	33	70	183	380	
36	18	5.34883840589427	280	325	225	326	54	220	169	323	16	279	116	120	126	387	90	325	112	333	249	377	54	85	53	445	23	128	124	439	125	155	160	245	294	392	388	399	
26	13	5.10276479385374	280	325	225	326	54	220	169	323	16	279	116	120	126	387	90	325	112	333	249	377	54	85	53	445	23	128	
12	6	4.5340688803245	280	325	225	326	169	323	16	279	116	120	26	137	
14	7	4.81363995757532	112	333	249	377	54	85	125	213	29	343	254	393	188	209	
46	23	5.70739332485626	54	67	133	423	358	371	220	371	193	374	35	245	9	198	62	335	123	183	225	326	25	117	4	359	383	397	54	67	351	439	74	119	138	197	42	169	12	375	33	70	234	425	71	377	185	202	
44	22	5.65848463253538	90	325	112	333	249	377	54	85	125	213	29	343	254	393	54	67	133	423	358	371	220	371	109	419	193	374	35	245	9	198	62	335	123	183	280	325	225	326	25	117	4	359	383	397	
76	38	5.75134919954323	54	67	133	423	358	371	220	371	193	374	35	245	9	198	62	335	123	183	225	326	25	117	4	359	383	397	54	67	351	439	74	119	138	197	42	169	12	375	33	70	234	425	71	377	185	202	54	67	358	371	220	371	109	419	193	374	35	245	9	198	62	335	280	325	225	326	25	117	4	359	383	397	101	253	125	437	
68	34	5.7804863192351	54	67	133	423	358	371	220	371	109	419	193	374	35	245	62	335	280	325	225	326	25	117	4	359	383	397	101	253	42	125	162	420	124	439	48	171	241	320	52	147	29	436	102	245	126	387	90	325	112	333	54	85	53	445	125	213	125	155	48	171	160	245	294	392	99	189	230	274	
48	24	5.4167693158108	112	333	249	377	54	85	125	213	29	343	254	393	188	209	124	439	125	155	160	245	294	392	123	183	280	325	225	326	54	67	189	279	6	50	293	396	287	299	25	158	13	233	22	321	210	369	29	204	
62	31	5.36371264197162	280	325	225	326	54	220	169	323	16	279	116	120	126	387	90	325	112	333	249	377	54	85	53	445	23	128	124	439	125	155	160	245	294	392	388	399	280	325	225	326	54	220	169	323	16	279	116	120	126	387	90	325	112	333	249	377	54	85	53	445	23	128	
82	41	5.78877604510944	123	183	280	325	225	326	25	117	54	67	189	279	6	50	293	396	287	299	25	158	13	233	22	321	280	325	225	326	54	220	169	323	16	279	116	120	54	67	133	423	358	371	220	371	193	374	35	245	9	198	123	183	280	325	225	326	25	117	4	359	383	397	54	67	351	439	74	119	42	169	12	375	33	70	234	425	71	377	62	345	225	446	
