30	15	5.54728134319902	54	67	133	423	358	371	220	371	109	419	35	245	225	326	25	117	4	359	383	397	101	253	42	125	3	139	129	444	370	414	
54	27	5.50364195572099	124	439	48	171	52	147	29	436	126	387	90	325	249	377	54	85	53	445	125	213	118	390	280	325	225	326	54	220	169	323	16	279	116	120	126	387	112	333	249	377	54	85	53	445	23	128	187	384	106	369	76	326	4	120	
38	19	5.5764455239815	162	420	124	439	48	171	241	320	52	147	29	436	126	387	112	333	54	85	53	445	125	213	125	155	294	392	99	189	230	274	92	128	91	151	97	338	356	425	
58	29	5.61599509618961	90	325	112	333	249	377	54	85	125	213	29	343	254	393	249	377	54	85	125	213	29	343	54	67	133	423	358	371	220	371	109	419	193	374	35	245	123	183	280	325	225	326	25	117	4	359	383	397	267	303	159	243	288	310	135	427	338	442	
102	51	5.81108069942463	112	333	249	377	54	85	125	213	54	67	133	423	358	371	220	371	109	419	193	374	35	245	9	198	62	335	123	183	280	325	225	326	25	117	4	359	383	397	208	234	157	291	90	325	112	333	249	377	54	85	125	213	29	343	254	393	249	377	54	85	125	213	29	343	54	67	133	423	358	371	220	371	109	419	193	374	35	245	123	183	280	325	225	326	25	117	4	359	383	397	267	303	159	243	327	440	288	310	135	427	23	259	
16	8	5.49917833162141	54	67	351	439	138	197	42	169	234	425	110	331	19	309	36	43	
100	50	5.81750867587306	90	325	53	445	125	213	62	335	123	183	280	325	225	326	25	117	54	67	189	279	6	50	293	396	287	299	25	158	13	233	48	391	163	235	141	284	146	363	54	67	133	423	358	371	220	371	193	374	35	245	9	198	123	183	25	117	4	359	383	397	54	67	351	439	138	197	42	169	12	375	33	70	234	425	71	377	185	202	91	414	54	67	351	439	138	197	42	169	33	70	234	425	59	315	110	331	370	389	105	181	
68	34	5.72225882921461	54	67	133	423	358	371	220	371	109	419	35	245	62	335	280	325	225	326	25	117	4	359	383	397	101	253	42	125	162	420	124	439	48	171	241	320	52	147	29	436	102	245	126	387	90	325	53	445	125	213	125	155	48	171	160	245	294	392	99	189	230	274	223	388	10	413	357	382	
44	22	5.77507800879273	112	333	249	377	54	85	125	213	54	67	133	423	358	371	220	371	109	419	193	374	35	245	9	198	62	335	123	183	280	325	225	326	25	117	4	359	383	397	208	234	9	164	157	291	
90	45	5.78247534079282	54	67	133	423	358	371	220	371	193	374	35	245	9	198	225	326	25	117	4	359	383	397	54	67	74	119	138	197	42	169	12	375	33	70	234	425	71	377	185	202	91	414	112	333	249	377	54	85	125	213	29	343	254	393	54	67	133	423	358	371	109	419	193	374	35	245	9	198	62	335	123	183	280	325	225	326	25	117	4	359	383	397	157	253	55	83	24	332	391	433	
82	41	5.79591374042196	123	183	280	325	225	326	25	117	54	67	189	279	6	50	293	396	287	299	25	158	13	233	22	321	280	325	225	326	54	220	169	323	16	279	116	120	54	67	133	423	358	371	220	371	193	374	35	245	9	198	123	183	280	325	225	326	25	117	4	359	383	397	54	67	351	439	74	119	42	169	12	375	33	70	234	425	71	377	62	345	225	446	
10	5	4.8831600634757	160	245	193	230	9	438	41	247	93	212	
62	31	5.7558204732241	54	67	133	423	358	371	220	371	193	374	35	245	9	198	123	183	225	326	25	117	4	359	383	397	54	67	351	439	138	197	42	169	12	375	33	70	234	425	71	377	185	202	91	414	54	67	351	439	138	197	42	169	33	70	234	425	59	315	110	331	370	389	
38	19	5.64396723756523	90	325	53	445	62	335	123	183	280	325	225	326	25	117	54	67	189	279	6	50	293	396	287	299	25	158	13	233	48	391	163	235	141	284	146	363	109	379	
74	37	5.7742100709212	280	325	225	326	54	220	169	323	116	120	126	387	90	325	112	333	249	377	54	85	53	445	23	128	124	439	125	155	160	245	294	392	388	399	275	386	90	325	53	445	125	213	62	335	123	183	280	325	225	326	25	117	54	67	189	279	6	50	293	396	287	299	25	158	13	233	48	391	163	235	141	284	146	363	
34	17	5.34235156429815	160	245	294	392	123	183	280	325	225	326	54	67	6	50	293	396	287	299	25	158	13	233	22	321	210	369	29	204	230	421	256	275	205	424	
98	49	5.69430807734765	54	67	133	423	358	371	220	371	109	419	193	374	35	245	62	335	280	325	225	326	25	117	4	359	383	397	101	253	42	125	162	420	124	439	241	320	52	147	29	436	102	245	126	387	90	325	54	85	53	445	125	213	125	155	48	171	160	245	294	392	99	189	230	274	223	388	54	67	133	423	358	371	220	371	109	419	193	374	35	245	62	335	225	326	25	117	4	359	383	397	101	253	42	125	3	139	299	363	
36	18	5.44605955437356	280	325	225	326	54	220	169	323	116	120	126	387	90	325	112	333	249	377	54	85	53	445	23	128	124	439	125	155	160	245	294	392	275	386	147	254	
98	49	5.81244427150572	54	67	351	439	138	197	42	169	33	70	234	425	59	315	110	331	123	183	280	325	225	326	25	117	54	67	189	279	6	50	293	396	287	299	25	158	13	233	22	321	280	325	225	326	54	220	169	323	16	279	116	120	54	67	133	423	358	371	220	371	193	374	35	245	9	198	123	183	280	325	225	326	25	117	4	359	383	397	54	67	74	119	42	169	12	375	33	70	234	425	71	377	62	345	225	446	421	429	
24	12	5.16273728427482	123	183	225	326	25	117	189	279	6	50	293	396	287	299	13	233	22	321	148	401	1	325	213	272	
62	31	5.61106028564429	90	325	53	445	62	335	123	183	280	325	225	326	25	117	54	67	189	279	6	50	293	396	287	299	25	158	13	233	48	391	163	235	141	284	146	363	109	379	123	183	225	326	25	117	189	279	6	50	293	396	287	299	13	233	22	321	148	401	1	325	213	272	
188	94	5.82379776043482	54	67	133	423	358	371	220	371	193	374	35	245	9	198	225	326	25	117	4	359	383	397	54	67	74	119	138	197	42	169	12	375	33	70	234	425	71	377	185	202	91	414	112	333	249	377	54	85	125	213	29	343	254	393	54	67	133	423	358	371	109	419	193	374	35	245	9	198	62	335	123	183	280	325	225	326	25	117	4	359	383	397	157	253	55	83	24	332	391	433	54	67	351	439	138	197	42	169	33	70	234	425	59	315	110	331	123	183	280	325	225	326	25	117	54	67	189	279	6	50	293	396	287	299	25	158	13	233	22	321	280	325	225	326	54	220	169	323	16	279	116	120	54	67	133	423	358	371	220	371	193	374	35	245	9	198	123	183	280	325	225	326	25	117	4	359	383	397	54	67	74	119	42	169	12	375	33	70	234	425	71	377	62	345	225	446	421	429	
164	82	5.83366125094567	112	333	249	377	54	85	125	213	54	67	133	423	358	371	220	371	109	419	193	374	35	245	9	198	62	335	123	183	280	325	225	326	25	117	4	359	383	397	208	234	157	291	90	325	112	333	249	377	54	85	125	213	29	343	254	393	249	377	54	85	125	213	29	343	54	67	133	423	358	371	220	371	109	419	193	374	35	245	123	183	280	325	225	326	25	117	4	359	383	397	267	303	159	243	327	440	288	310	135	427	23	259	54	67	133	423	358	371	220	371	193	374	35	245	9	198	123	183	225	326	25	117	4	359	383	397	54	67	351	439	138	197	42	169	12	375	33	70	234	425	71	377	185	202	91	414	54	67	351	439	138	197	42	169	33	70	234	425	59	315	110	331	370	389	
74	37	5.76530078889714	54	67	351	439	138	197	42	169	234	425	110	331	19	309	36	43	90	325	112	333	249	377	54	85	125	213	29	343	254	393	249	377	54	85	125	213	29	343	54	67	133	423	358	371	220	371	109	419	193	374	35	245	123	183	280	325	225	326	25	117	4	359	383	397	267	303	159	243	288	310	135	427	338	442	
