4	2	3.66916969720525	12	325	14	343	
10	5	4.84011231478173	103	172	103	172	129	362	12	325	52	152	
4	2	4.61979933176067	81	99	220	371	
4	2	4.2793251668975	313	390	6	70	
10	5	4.78136691918504	54	67	133	423	102	426	197	358	166	345	
6	3	4.43042599259594	351	439	91	240	278	310	
4	2	4.8982817194251	109	419	62	335	
2	1	2.632066528378	247	310	
4	2	3.61839015181243	54	67	121	354	
6	3	4.56666049482451	102	426	197	358	166	345	
2	1	2.69543282938626	75	217	
2	1	3.60454765911301	220	371	
6	3	4.70565623801287	12	325	76	176	2	177	
8	4	5.08046376065416	81	99	220	371	109	419	62	335	
8	4	4.90824035429071	265	417	201	427	58	325	186	223	
2	1	3.2351412158703	126	387	
2	1	4.02185842804112	203	328	
2	1	3.02614990701946	28	341	
2	1	2.64298522380264	57	139	
2	1	2.76080242916219	74	140	
10	5	4.87231418038354	203	328	265	417	201	427	58	325	186	223	
6	3	4.23168939235509	74	140	12	325	14	343	
8	4	4.90539035373867	313	390	6	70	81	99	220	371	
16	8	4.84478816581371	54	67	133	423	102	426	197	358	166	345	351	439	91	240	278	310	
