2	1	2.45600291814616	314	393	
38	19	5.62443121741358	133	423	197	358	166	345	220	371	193	374	35	245	9	198	46	77	172	441	197	358	370	430	319	383	51	233	254	440	164	217	87	376	41	171	56	193	143	158	
14	7	5.06717686462667	126	387	123	183	90	325	112	333	249	377	54	85	53	445	
10	5	4.68350697314564	124	439	125	155	48	171	160	245	294	392	
28	14	5.28158589169318	65	259	280	325	225	326	74	188	128	338	46	77	172	441	370	430	170	435	319	383	278	372	6	364	129	269	160	340	
14	7	4.99923322089945	380	412	162	420	124	439	48	171	241	320	52	147	29	436	
118	59	5.72904474695604	46	77	172	441	123	183	197	358	183	216	170	435	109	254	46	77	172	441	197	358	183	216	370	430	54	67	133	423	197	358	358	371	189	279	6	50	293	396	192	246	114	298	380	412	90	325	162	420	124	439	441	444	70	364	133	423	358	371	220	371	109	419	193	374	35	245	9	198	353	410	62	335	123	183	280	325	225	326	25	117	173	209	62	335	123	183	280	325	225	326	25	117	54	67	197	358	358	371	189	279	6	50	293	396	62	335	123	183	280	325	225	326	25	117	437	446	112	125	
36	18	5.36685809510071	90	325	251	255	65	242	65	259	280	325	225	326	74	188	128	338	54	220	46	77	172	441	370	430	170	435	319	383	278	372	6	364	129	269	292	294	
46	23	5.53603077185656	46	77	172	441	123	183	197	358	183	216	170	435	109	254	46	77	172	441	123	183	197	358	370	430	170	435	54	67	133	423	197	358	358	371	189	279	6	50	293	396	192	246	114	298	199	232	
54	27	5.62929999680214	46	77	172	441	123	183	197	358	183	216	170	435	109	254	46	77	172	441	197	358	183	216	370	430	54	67	133	423	197	358	358	371	189	279	6	50	293	396	192	246	114	298	380	412	90	325	162	420	124	439	441	444	70	364	
12	6	4.85276527601915	162	420	124	439	125	155	48	171	160	245	42	380	
30	15	5.50782951577632	54	67	133	423	358	371	220	371	109	419	193	374	35	245	9	198	353	410	62	335	123	183	280	325	225	326	25	117	4	359	
8	4	4.52886110077261	90	325	162	420	251	255	65	242	
12	6	4.34155020260131	280	325	225	326	54	220	169	323	16	279	116	120	
24	12	5.10526564107105	62	335	123	183	280	325	225	326	25	117	54	67	358	371	189	279	6	50	293	396	287	299	259	308	
64	32	5.62252828755542	133	423	358	371	220	371	109	419	193	374	35	245	9	198	353	410	62	335	123	183	280	325	225	326	25	117	173	209	62	335	123	183	280	325	225	326	25	117	54	67	133	423	197	358	358	371	189	279	6	50	293	396	62	335	280	325	225	326	25	117	437	446	232	413	
16	8	4.74524410488645	54	67	351	439	91	240	74	119	138	197	42	169	12	375	33	70	
50	25	5.67742421567538	162	420	124	439	48	171	241	320	52	147	29	436	123	183	10	357	241	320	380	412	90	325	112	333	54	67	133	423	102	426	351	439	91	240	160	166	130	334	265	284	170	258	199	353	65	163	33	411	219	305	
94	47	5.71140264366881	243	397	46	77	172	441	123	183	197	358	183	216	170	435	109	254	46	77	172	441	197	358	183	216	370	430	170	435	54	67	133	423	197	358	358	371	189	279	293	396	192	246	114	298	380	412	90	325	162	420	124	439	441	444	380	412	162	420	124	439	125	155	241	320	248	423	62	335	123	183	280	325	225	326	25	117	54	67	133	423	197	358	358	371	189	279	6	50	293	396	197	407	89	305	
80	40	5.42523856023454	54	67	351	439	91	240	74	119	152	233	138	197	42	169	12	375	133	423	358	371	220	371	109	419	193	374	35	245	9	198	353	410	62	335	123	183	280	325	225	326	25	117	173	209	62	335	123	183	280	325	225	326	25	117	54	67	133	423	197	358	358	371	189	279	6	50	293	396	62	335	123	183	280	325	225	326	25	117	437	446	
26	13	5.37256741831723	280	325	225	326	54	220	169	323	16	279	116	120	126	387	123	183	90	325	112	333	249	377	54	85	53	445	
64	32	5.70097779566973	46	77	172	441	123	183	197	358	183	216	170	435	109	254	46	77	172	441	197	358	183	216	370	430	54	67	133	423	197	358	358	371	189	279	6	50	293	396	192	246	114	298	380	412	90	325	162	420	124	439	441	444	70	364	124	439	125	155	48	171	160	245	294	392	
44	22	5.60312576619225	380	412	162	420	124	439	48	171	241	320	52	147	29	436	54	67	133	423	358	371	220	371	109	419	193	374	35	245	9	198	353	410	62	335	123	183	280	325	225	326	25	117	4	359	
62	31	5.59933695438005	46	77	172	441	123	183	197	358	183	216	170	435	109	254	46	77	172	441	123	183	197	358	370	430	170	435	54	67	133	423	197	358	358	371	189	279	6	50	293	396	192	246	114	298	199	232	54	67	351	439	91	240	74	119	138	197	42	169	12	375	33	70	
