8	4	5.04732584574548	265	417	109	137	201	427	126	229	
2	1	2.65335423249701	247	310	
2	1	3.19792296532512	135	188	
2	1	2.64173128780534	57	139	
6	3	4.91639930766998	102	426	201	427	197	358	
4	2	2.97256490353743	54	67	103	172	
2	1	3.99454839375367	109	419	
4	2	4.13121686479035	265	417	12	325	
4	2	4.69015633352156	102	426	184	438	
2	1	2.11196250978661	382	391	
2	1	3.03439257963931	28	341	
4	2	4.31348059909638	313	390	218	243	
2	1	2.20618171395181	263	340	
2	1	2.32604483714408	206	295	
2	1	3.58260638254522	36	422	
2	1	3.73900716001171	81	99	
6	3	4.52741841950426	351	439	64	125	91	240	
2	1	3.59576497270472	220	371	
4	2	4.31974269211745	169	181	109	419	
6	3	3.10911500959617	103	172	103	172	129	362	
4	2	4.41354568695407	247	310	109	419	
4	2	4.62822914960833	81	99	220	371	
6	3	4.88811541150834	265	417	12	325	36	422	
6	3	4.77819770502807	206	295	102	426	184	438	
