38	19	5.24912970361196	90	325	112	333	249	377	54	85	53	445	125	213	62	335	123	183	280	325	225	326	25	117	54	67	189	279	6	50	293	396	287	299	25	158	13	233	81	216	
34	17	5.39106104125239	124	439	125	155	160	245	294	392	123	183	280	325	225	326	25	117	54	67	189	279	6	50	293	396	287	299	25	158	13	233	22	321	210	369	
62	31	5.62154503103358	46	77	172	441	123	183	197	358	183	216	170	435	109	254	46	77	172	441	123	183	197	358	370	430	170	435	54	67	133	423	197	358	358	371	189	279	6	50	293	396	192	246	114	298	199	232	54	67	351	439	91	240	74	119	138	197	42	169	12	375	33	70	
108	54	5.65300373674943	46	77	172	441	123	183	197	358	183	216	170	435	109	254	46	77	172	441	123	183	197	358	370	430	170	435	54	67	133	423	197	358	358	371	189	279	6	50	293	396	192	246	114	298	199	232	54	67	351	439	91	240	74	119	138	197	42	169	12	375	33	70	46	77	172	441	123	183	197	358	183	216	170	435	109	254	46	77	123	183	197	358	370	430	170	435	54	67	133	423	197	358	358	371	189	279	293	396	192	246	114	298	199	232	98	406	157	235	
46	23	5.63961901781717	46	77	123	183	197	358	183	216	170	435	109	254	46	77	172	441	123	183	197	358	370	430	170	435	54	67	133	423	197	358	358	371	189	279	293	396	192	246	114	298	199	232	98	406	42	158	
12	6	4.45576963111483	280	325	225	326	169	323	16	279	116	120	26	137	
28	14	5.39706716686418	162	420	48	171	241	320	52	147	29	436	126	387	90	325	112	333	249	377	54	85	53	445	125	213	118	390	108	401	
14	7	4.93350068968726	90	325	112	333	249	377	54	85	125	213	29	343	254	393	
30	15	5.5058251045483	54	67	133	423	358	371	220	371	109	419	193	374	35	245	9	198	62	335	280	325	225	326	25	117	4	359	383	397	101	253	
24	12	4.94805818322927	123	183	280	325	225	326	25	117	54	67	189	279	6	50	293	396	287	299	25	158	13	233	22	321	
46	23	5.69678781949834	54	67	133	423	358	371	220	371	193	374	35	245	9	198	62	335	123	183	225	326	25	117	4	359	383	397	54	67	351	439	74	119	138	197	42	169	12	375	33	70	234	425	71	377	185	202	
38	19	5.36964540738809	162	420	124	439	48	171	241	320	52	147	29	436	102	245	126	387	90	325	112	333	249	377	54	85	53	445	125	213	125	155	48	171	160	245	294	392	99	189	
16	8	4.95406809049583	54	67	351	439	74	119	138	197	42	169	12	375	33	70	234	425	
54	27	5.35633536091383	124	439	48	171	241	320	52	147	29	436	126	387	90	325	112	333	249	377	54	85	53	445	125	213	118	390	280	325	225	326	54	220	169	323	16	279	116	120	126	387	90	325	112	333	249	377	54	85	53	445	23	128	187	384	
58	29	5.79056544721001	280	325	225	326	54	220	169	323	16	279	116	120	54	67	133	423	358	371	220	371	193	374	35	245	9	198	62	335	123	183	280	325	225	326	25	117	4	359	383	397	54	67	351	439	74	119	42	169	12	375	33	70	234	425	71	377	62	345	
80	40	5.81759782221976	54	67	133	423	358	371	220	371	109	419	193	374	35	245	9	198	353	410	62	335	123	183	280	325	225	326	25	117	4	359	162	420	124	439	48	171	241	320	52	147	29	436	123	183	10	357	380	412	90	325	112	333	54	67	133	423	102	426	351	439	91	240	160	166	130	334	265	284	170	258	199	353	65	163	33	411	219	305	3	146	
80	40	5.41902285310923	54	67	351	439	91	240	74	119	152	233	138	197	42	169	12	375	133	423	358	371	220	371	109	419	193	374	35	245	9	198	353	410	62	335	123	183	280	325	225	326	25	117	173	209	62	335	123	183	280	325	25	117	54	67	133	423	197	358	358	371	189	279	6	50	293	396	62	335	280	325	225	326	25	117	437	446	10	151	51	402	
26	13	5.10222335281837	280	325	225	326	54	220	169	323	16	279	116	120	126	387	90	325	112	333	249	377	54	85	53	445	23	128	
10	5	4.73275836978496	124	439	125	155	160	245	294	392	388	399	
44	22	5.66181670887152	90	325	112	333	249	377	54	85	125	213	29	343	254	393	54	67	133	423	358	371	220	371	109	419	193	374	35	245	9	198	62	335	123	183	280	325	225	326	25	117	4	359	383	397	
58	29	5.67049954447074	90	325	112	333	249	377	54	85	125	213	29	343	254	393	90	325	112	333	249	377	54	85	125	213	29	343	254	393	54	67	133	423	358	371	220	371	109	419	193	374	35	245	9	198	62	335	123	183	280	325	225	326	25	117	4	359	383	397	
36	18	5.33306161299967	280	325	225	326	54	220	169	323	16	279	116	120	126	387	90	325	112	333	249	377	54	85	53	445	23	128	124	439	125	155	160	245	294	392	388	399	
76	38	5.7390854734883	54	67	133	423	358	371	220	371	193	374	35	245	9	198	62	335	123	183	225	326	25	117	4	359	383	397	54	67	351	439	74	119	138	197	42	169	12	375	33	70	234	425	71	377	185	202	54	67	133	423	358	371	220	371	109	419	193	374	35	245	9	198	62	335	280	325	225	326	25	117	4	359	383	397	101	253	
188	94	5.75285389079027	54	67	351	439	91	240	74	119	152	233	138	197	42	169	12	375	133	423	358	371	220	371	109	419	193	374	35	245	9	198	353	410	62	335	123	183	280	325	225	326	25	117	173	209	62	335	123	183	280	325	25	117	54	67	133	423	197	358	358	371	189	279	6	50	293	396	62	335	280	325	225	326	25	117	437	446	10	151	51	402	46	77	172	441	123	183	197	358	183	216	170	435	109	254	46	77	172	441	123	183	197	358	370	430	170	435	54	67	133	423	197	358	358	371	189	279	6	50	293	396	192	246	114	298	199	232	54	67	351	439	91	240	74	119	138	197	42	169	12	375	33	70	46	77	172	441	123	183	197	358	183	216	170	435	109	254	46	77	123	183	197	358	370	430	170	435	54	67	133	423	197	358	358	371	189	279	293	396	192	246	114	298	199	232	98	406	157	235	
